Mody lammps parameter 2023-03-10 22:57:55.496512
74 atoms
85 bonds
186 angles
348 dihedrals
120 impropers

Types

1 8
2 4
3 2
4 5
5 2
6 5
7 7
8 2
9 5
10 2
11 5
12 7
13 2
14 5
15 1
16 5
17 5
18 1
19 5
20 5
21 2
22 5
23 2
24 5
25 1
26 5
27 5
28 2
29 5
30 2
31 5
32 2
33 5
34 6
35 2
36 5
37 1
38 5
39 5
40 2
41 5
42 2
43 5
44 1
45 5
46 5
47 2
48 5
49 2
50 5
51 2
52 5
53 6
54 2
55 5
56 1
57 5
58 5
59 2
60 5
61 2
62 5
63 1
64 5
65 5
66 2
67 5
68 2
69 5
70 2
71 5
72 6
73 2
74 5

Charges

1 -0.5571
2 0.4241
3 0.0800
4 0.0530
5 0.0800
6 0.0530
7 -0.2660
8 0.0800
9 0.0530
10 0.0800
11 0.0530
12 -0.2660
13 0.0800
14 0.0530
15 -0.1060
16 0.0530
17 0.0530
18 -0.1060
19 0.0530
20 0.0530
21 -0.0530
22 0.0530
23 -0.0530
24 0.0530
25 -0.1060
26 0.0530
27 0.0530
28 -0.0530
29 0.0530
30 0.0800
31 0.0530
32 0.0800
33 0.0530
34 -0.2660
35 -0.0530
36 0.0530
37 -0.1060
38 0.0530
39 0.0530
40 -0.0530
41 0.0530
42 -0.0530
43 0.0530
44 -0.1060
45 0.0530
46 0.0530
47 -0.0530
48 0.0530
49 0.0800
50 0.0530
51 0.0800
52 0.0530
53 -0.2660
54 -0.0530
55 0.0530
56 -0.1060
57 0.0530
58 0.0530
59 -0.0530
60 0.0530
61 -0.0530
62 0.0530
63 -0.1060
64 0.0530
65 0.0530
66 -0.0530
67 0.0530
68 0.0800
69 0.0530
70 0.0800
71 0.0530
72 -0.2660
73 -0.0530
74 0.0530

Coords

1 11.6897396721 1.9932483420 9.8719081541
2 11.5658127741 2.9801058848 9.7486278878
3 12.7696072801 1.3259518129 9.0704389709
4 12.3867102999 1.0682516175 8.0808626874
5 13.4621569330 0.0395333325 9.6309977322
6 14.1832926810 -0.3687717876 8.8650723526
7 12.4200476692 -0.7889979427 9.8921096459
8 12.2961045901 -2.0577397676 10.4667128591
9 11.1607103755 -2.0321708477 10.5033797572
10 12.7346587531 -3.4150054547 9.7847134311
11 12.0526556985 -3.6390586468 8.9197593022
12 13.9891959823 -3.1538774850 9.0972180318
13 15.3959895140 -3.4130976546 9.1405141243
14 15.5772636139 -2.8385434139 8.2691098444
15 16.1380341987 -2.6472726444 10.2989752932
16 16.8051982091 -1.8106789375 10.0987624104
17 15.4913174680 -2.1868491484 10.9876109351
18 16.7632466136 -3.8342717670 11.1242463638
19 16.1838495043 -3.9871221480 12.0421283990
20 17.7543406116 -3.5450415120 11.5431793093
21 16.8988581063 -5.0398331638 10.1860810177
22 17.9660483726 -5.0996106467 9.9647610824
23 16.4214579340 -6.5685074324 10.5862779301
24 16.6305741824 -6.8541176169 11.6108441234
25 14.9595268452 -6.6623814363 10.1834412267
26 14.3186785368 -6.1178963310 10.8263165413
27 14.4885488733 -7.6557191849 10.2654713774
28 15.2778307381 -6.1602562651 8.7229434645
29 14.4410820687 -5.9360573181 8.0096653567
30 16.3804408559 -7.1650704243 8.3146054106
31 16.7619579612 -7.0870181139 7.2857805690
32 17.0804285001 -7.4996399597 9.5246690426
33 18.1136134016 -7.5575185007 9.5235850137
34 16.2648353688 -8.5133990705 8.8683725647
35 16.0521147947 -4.8031482260 8.9358396691
36 16.7280798264 -4.6465085420 8.0752899829
37 12.6183099807 -4.4136737940 11.0298808546
38 13.6991832874 -4.5322723837 11.3536366370
39 12.2262883094 -5.5105547284 10.7428807916
40 12.0031757159 -3.6476086920 12.1117714374
41 10.9598881072 -3.6441151330 11.7362968521
42 11.9407932971 -3.7016092881 13.7137918106
43 12.0255107813 -4.7085369454 14.1415836284
44 12.9620181784 -2.6429741797 14.1221975342
45 14.0693165733 -2.7792418596 14.0143769723
46 12.8487547891 -2.4807501016 15.2424420012
47 12.4115080697 -1.5862007510 13.1562282154
48 12.9264275414 -0.6110960568 13.2607722454
49 10.8693253723 -1.4943112760 13.4498093478
50 10.2794512448 -0.7263044895 12.9006780472
51 10.5979029810 -2.8872978604 14.0103409498
52 9.8644155251 -3.4420791873 14.5289530942
53 10.6913481943 -1.6806043616 14.8687585637
54 12.7203383559 -2.3443510527 11.8778790556
55 13.7982155016 -2.4198739895 11.9428228178
56 14.3583609523 0.6500908558 10.7342577538
57 13.5159310488 0.8741656848 11.4851957696
58 15.1198272316 0.1221819394 11.2778482024
59 14.8907598779 2.0138592464 10.3117001773
60 14.6343661302 2.6737659504 11.1290895420
61 16.1706822510 2.5691418552 9.5990111388
62 17.0800995572 2.8801227012 10.1505595087
63 16.3771404533 1.7379452192 8.3490954308
64 16.4825826544 0.5937339090 8.3946320574
65 17.2787246958 2.1260411454 7.7793075462
66 14.9691197217 2.0780240237 7.7855204680
67 14.5977701470 1.3924718824 7.0477548449
68 14.9581450703 3.6178087211 7.2721758664
69 13.8825950495 3.5471128036 7.2180802786
70 15.7825737844 3.7498124358 8.5136265831
71 16.7709736952 4.1557448434 8.4598533776
72 14.9230932590 4.7733686268 8.3294928238
73 14.0176006306 2.1704197571 9.0641190220
74 13.6467241447 3.1499053022 9.3525275871

Bonds

1 10 3 1
2 14 2 1
3 5 3 5
4 5 3 73
5 7 3 4
6 2 56 5
7 9 5 7
8 7 5 6
9 9 8 7
10 5 8 10
11 5 8 54
12 7 8 9
13 2 37 10
14 9 10 12
15 7 10 11
16 9 13 12
17 2 15 13
18 5 13 35
19 7 13 14
20 1 15 18
21 4 15 16
22 4 15 17
23 2 18 21
24 4 18 19
25 4 18 20
26 5 21 23
27 5 21 35
28 7 21 22
29 2 25 23
30 5 23 32
31 7 23 24
32 2 25 28
33 4 25 26
34 4 25 27
35 5 28 35
36 5 28 30
37 7 28 29
38 5 30 32
39 8 30 34
40 7 30 31
41 8 32 34
42 7 32 33
43 7 35 36
44 2 37 40
45 4 37 38
46 4 37 39
47 5 40 42
48 5 40 54
49 7 40 41
50 2 44 42
51 5 42 51
52 7 42 43
53 2 44 47
54 4 44 45
55 4 44 46
56 5 47 54
57 5 47 49
58 7 47 48
59 5 49 51
60 8 49 53
61 7 49 50
62 8 51 53
63 7 51 52
64 7 54 55
65 2 56 59
66 4 56 57
67 4 56 58
68 5 59 61
69 5 59 73
70 7 59 60
71 2 63 61
72 5 61 70
73 7 61 62
74 2 63 66
75 4 63 64
76 4 63 65
77 5 66 73
78 5 66 68
79 7 66 67
80 5 68 70
81 8 68 72
82 7 68 69
83 8 70 72
84 7 70 71
85 7 73 74

Angles

1 19 5 3 1
2 19 73 3 1
3 34 4 3 1
4 25 3 1 2
5 4 56 5 3
6 18 3 5 7
7 16 3 5 6
8 14 3 73 66
9 14 3 73 59
10 16 3 73 74
11 16 5 3 4
12 16 73 3 4
13 14 5 3 73
14 11 5 56 59
15 13 5 56 57
16 13 5 56 58
17 24 5 7 8
18 5 56 5 6
19 33 6 5 7
20 7 56 5 7
21 18 10 8 7
22 18 54 8 7
23 33 9 8 7
24 4 37 10 8
25 18 8 10 12
26 16 8 10 11
27 14 8 54 47
28 14 8 54 40
29 16 8 54 55
30 16 10 8 9
31 16 54 8 9
32 14 10 8 54
33 11 10 37 40
34 13 10 37 38
35 13 10 37 39
36 24 10 12 13
37 5 37 10 11
38 33 11 10 12
39 7 37 10 12
40 7 15 13 12
41 18 35 13 12
42 33 14 13 12
43 1 18 15 13
44 13 13 15 16
45 13 13 15 17
46 14 13 35 28
47 14 13 35 21
48 16 13 35 36
49 5 15 13 14
50 16 35 13 14
51 4 15 13 35
52 1 15 18 21
53 2 15 18 19
54 2 15 18 20
55 2 18 15 16
56 31 16 15 17
57 2 18 15 17
58 4 18 21 23
59 4 18 21 35
60 5 18 21 22
61 13 21 18 19
62 31 19 18 20
63 13 21 18 20
64 4 25 23 21
65 14 21 23 32
66 16 21 23 24
67 14 21 35 28
68 16 21 35 36
69 16 23 21 22
70 16 35 21 22
71 14 23 21 35
72 11 23 25 28
73 13 23 25 26
74 13 23 25 27
75 14 23 32 30
76 17 23 32 34
77 16 23 32 33
78 5 25 23 24
79 16 32 23 24
80 4 25 23 32
81 4 25 28 35
82 4 25 28 30
83 5 25 28 29
84 13 28 25 26
85 31 26 25 27
86 13 28 25 27
87 16 28 35 36
88 14 28 30 32
89 17 28 30 34
90 16 28 30 31
91 16 35 28 29
92 16 30 28 29
93 14 30 28 35
94 17 30 32 34
95 16 30 32 33
96 23 30 34 32
97 16 32 30 31
98 32 31 30 34
99 17 32 30 34
100 32 33 32 34
101 4 37 40 42
102 4 37 40 54
103 5 37 40 41
104 13 40 37 38
105 31 38 37 39
106 13 40 37 39
107 4 44 42 40
108 14 40 42 51
109 16 40 42 43
110 14 40 54 47
111 16 40 54 55
112 16 42 40 41
113 16 54 40 41
114 14 42 40 54
115 11 42 44 47
116 13 42 44 45
117 13 42 44 46
118 14 42 51 49
119 17 42 51 53
120 16 42 51 52
121 5 44 42 43
122 16 51 42 43
123 4 44 42 51
124 4 44 47 54
125 4 44 47 49
126 5 44 47 48
127 13 47 44 45
128 31 45 44 46
129 13 47 44 46
130 16 47 54 55
131 14 47 49 51
132 17 47 49 53
133 16 47 49 50
134 16 54 47 48
135 16 49 47 48
136 14 49 47 54
137 17 49 51 53
138 16 49 51 52
139 23 49 53 51
140 16 51 49 50
141 32 50 49 53
142 17 51 49 53
143 32 52 51 53
144 4 56 59 61
145 4 56 59 73
146 5 56 59 60
147 13 59 56 57
148 31 57 56 58
149 13 59 56 58
150 4 63 61 59
151 14 59 61 70
152 16 59 61 62
153 14 59 73 66
154 16 59 73 74
155 16 61 59 60
156 16 73 59 60
157 14 61 59 73
158 11 61 63 66
159 13 61 63 64
160 13 61 63 65
161 14 61 70 68
162 17 61 70 72
163 16 61 70 71
164 5 63 61 62
165 16 70 61 62
166 4 63 61 70
167 4 63 66 73
168 4 63 66 68
169 5 63 66 67
170 13 66 63 64
171 31 64 63 65
172 13 66 63 65
173 16 66 73 74
174 14 66 68 70
175 17 66 68 72
176 16 66 68 69
177 16 73 66 67
178 16 68 66 67
179 14 68 66 73
180 17 68 70 72
181 16 68 70 71
182 23 68 72 70
183 16 70 68 69
184 32 69 68 72
185 17 70 68 72
186 32 71 70 72

Dihedrals

1 12 56 5 3 1
2 68 7 5 3 1
3 62 6 5 3 1
4 35 66 73 3 1
5 35 59 73 3 1
6 62 74 73 3 1
7 41 5 3 1 2
8 41 73 3 1 2
9 52 2 1 3 4
10 21 59 56 5 3
11 29 3 5 56 57
12 29 3 5 56 58
13 40 3 5 7 8
14 7 63 66 73 3
15 30 3 73 66 68
16 32 3 73 66 67
17 7 56 59 73 3
18 30 3 73 59 61
19 32 3 73 59 60
20 9 56 5 3 4
21 61 4 3 5 7
22 59 4 3 5 6
23 32 66 73 3 4
24 32 59 73 3 4
25 59 4 3 73 74
26 30 5 3 73 66
27 30 5 3 73 59
28 32 5 3 73 74
29 21 5 56 59 61
30 21 5 56 59 73
31 22 5 56 59 60
32 40 10 8 7 5
33 40 54 8 7 5
34 46 5 7 8 9
35 32 73 3 5 6
36 22 59 56 5 6
37 54 57 56 5 6
38 54 58 56 5 6
39 46 8 7 5 6
40 34 73 3 5 7
41 24 59 56 5 7
42 56 57 56 5 7
43 56 58 56 5 7
44 11 37 10 8 7
45 67 7 8 10 12
46 61 11 10 8 7
47 34 47 54 8 7
48 34 40 54 8 7
49 61 55 54 8 7
50 14 56 5 7 8
51 21 40 37 10 8
52 29 8 10 37 38
53 29 8 10 37 39
54 40 8 10 12 13
55 7 44 47 54 8
56 30 8 54 47 49
57 32 8 54 47 48
58 7 37 40 54 8
59 30 8 54 40 42
60 32 8 54 40 41
61 9 37 10 8 9
62 61 9 8 10 12
63 59 9 8 10 11
64 32 47 54 8 9
65 32 40 54 8 9
66 59 9 8 54 55
67 30 10 8 54 47
68 30 10 8 54 40
69 32 10 8 54 55
70 21 10 37 40 42
71 21 10 37 40 54
72 22 10 37 40 41
73 14 15 13 12 10
74 40 35 13 12 10
75 46 10 12 13 14
76 32 54 8 10 11
77 22 40 37 10 11
78 54 38 37 10 11
79 54 39 37 10 11
80 46 13 12 10 11
81 34 54 8 10 12
82 24 40 37 10 12
83 56 38 37 10 12
84 56 39 37 10 12
85 3 18 15 13 12
86 56 16 15 13 12
87 56 17 15 13 12
88 34 28 35 13 12
89 34 21 35 13 12
90 61 36 35 13 12
91 14 37 10 12 13
92 19 13 15 18 21
93 20 13 15 18 19
94 20 13 15 18 20
95 7 25 28 35 13
96 30 13 35 28 30
97 32 13 35 28 29
98 7 18 21 35 13
99 30 13 35 21 23
100 32 13 35 21 22
101 2 18 15 13 14
102 54 16 15 13 14
103 54 17 15 13 14
104 32 28 35 13 14
105 32 21 35 13 14
106 59 14 13 35 36
107 7 15 13 35 28
108 7 15 13 35 21
109 9 15 13 35 36
110 1 15 18 21 23
111 1 15 18 21 35
112 2 15 18 21 22
113 29 35 13 15 16
114 20 21 18 15 16
115 53 16 15 18 19
116 53 16 15 18 20
117 29 35 13 15 17
118 20 21 18 15 17
119 53 17 15 18 19
120 53 17 15 18 20
121 1 18 15 13 35
122 6 18 21 23 25
123 7 18 21 23 32
124 9 18 21 23 24
125 7 18 21 35 28
126 9 18 21 35 36
127 29 23 21 18 19
128 29 35 21 18 19
129 54 19 18 21 22
130 29 23 21 18 20
131 29 35 21 18 20
132 54 20 18 21 22
133 21 28 25 23 21
134 29 21 23 25 26
135 29 21 23 25 27
136 30 21 23 32 30
137 33 21 23 32 34
138 32 21 23 32 33
139 7 25 28 35 21
140 30 21 35 28 30
141 32 21 35 28 29
142 9 25 23 21 22
143 32 32 23 21 22
144 59 22 21 23 24
145 32 28 35 21 22
146 59 22 21 35 36
147 30 23 21 35 28
148 32 23 21 35 36
149 21 23 25 28 35
150 21 23 25 28 30
151 22 23 25 28 29
152 30 23 32 30 28
153 33 23 32 30 34
154 32 23 32 30 31
155 39 23 32 34 30
156 32 35 21 23 24
157 22 28 25 23 24
158 54 26 25 23 24
159 54 27 25 23 24
160 32 30 32 23 24
161 60 24 23 32 34
162 59 24 23 32 33
163 7 25 23 21 35
164 7 25 23 32 30
165 10 25 23 32 34
166 9 25 23 32 33
167 9 25 28 35 36
168 7 25 28 30 32
169 10 25 28 30 34
170 9 25 28 30 31
171 29 32 23 25 26
172 29 35 28 25 26
173 29 30 28 25 26
174 54 26 25 28 29
175 29 32 23 25 27
176 29 35 28 25 27
177 29 30 28 25 27
178 54 27 25 28 29
179 21 28 25 23 32
180 33 28 30 32 34
181 32 28 30 32 33
182 39 28 30 34 32
183 59 29 28 35 36
184 32 32 30 28 29
185 60 29 28 30 34
186 59 29 28 30 31
187 32 30 28 35 36
188 45 30 34 32 33
189 32 35 28 30 31
190 60 31 30 32 34
191 59 31 30 32 33
192 45 32 34 30 31
193 30 32 30 28 35
194 30 32 23 21 35
195 60 33 32 30 34
196 33 35 28 30 34
197 7 37 10 8 54
198 6 37 40 42 44
199 7 37 40 42 51
200 9 37 40 42 43
201 7 37 40 54 47
202 9 37 40 54 55
203 29 42 40 37 38
204 29 54 40 37 38
205 54 38 37 40 41
206 29 42 40 37 39
207 29 54 40 37 39
208 54 39 37 40 41
209 21 47 44 42 40
210 29 40 42 44 45
211 29 40 42 44 46
212 30 40 42 51 49
213 33 40 42 51 53
214 32 40 42 51 52
215 7 44 47 54 40
216 30 40 54 47 49
217 32 40 54 47 48
218 9 44 42 40 41
219 32 51 42 40 41
220 59 41 40 42 43
221 32 47 54 40 41
222 59 41 40 54 55
223 30 42 40 54 47
224 32 42 40 54 55
225 21 42 44 47 54
226 21 42 44 47 49
227 22 42 44 47 48
228 30 42 51 49 47
229 33 42 51 49 53
230 32 42 51 49 50
231 39 42 51 53 49
232 32 54 40 42 43
233 22 47 44 42 43
234 54 45 44 42 43
235 54 46 44 42 43
236 32 49 51 42 43
237 60 43 42 51 53
238 59 43 42 51 52
239 7 44 42 40 54
240 7 44 42 51 49
241 10 44 42 51 53
242 9 44 42 51 52
243 9 44 47 54 55
244 7 44 47 49 51
245 10 44 47 49 53
246 9 44 47 49 50
247 29 51 42 44 45
248 29 54 47 44 45
249 29 49 47 44 45
250 54 45 44 47 48
251 29 51 42 44 46
252 29 54 47 44 46
253 29 49 47 44 46
254 54 46 44 47 48
255 21 47 44 42 51
256 33 47 49 51 53
257 32 47 49 51 52
258 39 47 49 53 51
259 59 48 47 54 55
260 32 51 49 47 48
261 60 48 47 49 53
262 59 48 47 49 50
263 32 49 47 54 55
264 45 49 53 51 52
265 32 54 47 49 50
266 60 50 49 51 53
267 59 50 49 51 52
268 45 51 53 49 50
269 30 51 49 47 54
270 30 51 42 40 54
271 60 52 51 49 53
272 33 54 47 49 53
273 7 56 5 3 73
274 6 56 59 61 63
275 7 56 59 61 70
276 9 56 59 61 62
277 7 56 59 73 66
278 9 56 59 73 74
279 29 61 59 56 57
280 29 73 59 56 57
281 54 57 56 59 60
282 29 61 59 56 58
283 29 73 59 56 58
284 54 58 56 59 60
285 21 66 63 61 59
286 29 59 61 63 64
287 29 59 61 63 65
288 30 59 61 70 68
289 33 59 61 70 72
290 32 59 61 70 71
291 7 63 66 73 59
292 30 59 73 66 68
293 32 59 73 66 67
294 9 63 61 59 60
295 32 70 61 59 60
296 59 60 59 61 62
297 32 66 73 59 60
298 59 60 59 73 74
299 30 61 59 73 66
300 32 61 59 73 74
301 21 61 63 66 73
302 21 61 63 66 68
303 22 61 63 66 67
304 30 61 70 68 66
305 33 61 70 68 72
306 32 61 70 68 69
307 39 61 70 72 68
308 32 73 59 61 62
309 22 66 63 61 62
310 54 64 63 61 62
311 54 65 63 61 62
312 32 68 70 61 62
313 60 62 61 70 72
314 59 62 61 70 71
315 7 63 61 59 73
316 7 63 61 70 68
317 10 63 61 70 72
318 9 63 61 70 71
319 9 63 66 73 74
320 7 63 66 68 70
321 10 63 66 68 72
322 9 63 66 68 69
323 29 70 61 63 64
324 29 73 66 63 64
325 29 68 66 63 64
326 54 64 63 66 67
327 29 70 61 63 65
328 29 73 66 63 65
329 29 68 66 63 65
330 54 65 63 66 67
331 21 66 63 61 70
332 33 66 68 70 72
333 32 66 68 70 71
334 39 66 68 72 70
335 59 67 66 73 74
336 32 70 68 66 67
337 60 67 66 68 72
338 59 67 66 68 69
339 32 68 66 73 74
340 45 68 72 70 71
341 32 73 66 68 69
342 60 69 68 70 72
343 59 69 68 70 71
344 45 70 72 68 69
345 30 70 68 66 73
346 30 70 61 59 73
347 60 71 70 68 72
348 33 73 66 68 72

Impropers

1 26 5 3 73 1
2 31 5 3 4 1
3 31 73 3 4 1
4 23 5 3 73 4
5 19 56 5 7 3
6 14 56 5 6 3
7 33 3 5 7 6
8 20 56 5 7 6
9 25 10 8 54 7
10 30 10 8 9 7
11 30 54 8 9 7
12 23 10 8 54 9
13 19 37 10 12 8
14 14 37 10 11 8
15 33 8 10 12 11
16 20 37 10 12 11
17 13 15 13 35 12
18 16 15 13 14 12
19 30 35 13 14 12
20 11 15 13 35 14
21 2 18 15 16 13
22 2 18 15 17 13
23 6 13 15 16 17
24 3 18 15 16 17
25 1 15 18 21 19
26 1 15 18 21 20
27 3 15 18 19 20
28 6 21 18 19 20
29 10 18 21 23 35
30 11 18 21 23 22
31 11 18 21 35 22
32 23 23 21 35 22
33 10 25 23 32 21
34 14 25 23 24 21
35 23 21 23 32 24
36 11 25 23 32 24
37 4 23 25 28 26
38 4 23 25 28 27
39 6 23 25 26 27
40 6 28 25 26 27
41 10 25 28 35 30
42 11 25 28 35 29
43 11 25 28 30 29
44 23 35 28 30 29
45 24 28 30 32 34
46 23 28 30 32 31
47 32 28 30 34 31
48 32 32 30 34 31
49 24 23 32 30 34
50 32 30 32 34 33
51 23 30 32 23 33
52 29 23 32 33 34
53 21 28 35 13 21
54 23 28 35 13 36
55 23 28 35 21 36
56 23 13 35 21 36
57 4 10 37 40 38
58 4 10 37 40 39
59 6 10 37 38 39
60 6 40 37 38 39
61 10 37 40 42 54
62 11 37 40 42 41
63 11 37 40 54 41
64 23 42 40 54 41
65 10 44 42 51 40
66 14 44 42 43 40
67 23 40 42 51 43
68 11 44 42 51 43
69 4 42 44 47 45
70 4 42 44 47 46
71 6 42 44 45 46
72 6 47 44 45 46
73 10 44 47 54 49
74 11 44 47 54 48
75 11 44 47 49 48
76 23 54 47 49 48
77 24 47 49 51 53
78 23 47 49 51 50
79 32 47 49 53 50
80 32 51 49 53 50
81 24 42 51 49 53
82 32 49 51 53 52
83 23 49 51 42 52
84 29 42 51 52 53
85 21 47 54 8 40
86 23 47 54 8 55
87 23 47 54 40 55
88 23 8 54 40 55
89 4 5 56 59 57
90 4 5 56 59 58
91 6 5 56 57 58
92 6 59 56 57 58
93 10 56 59 61 73
94 11 56 59 61 60
95 11 56 59 73 60
96 23 61 59 73 60
97 10 63 61 70 59
98 14 63 61 62 59
99 23 59 61 70 62
100 11 63 61 70 62
101 4 61 63 66 64
102 4 61 63 66 65
103 6 61 63 64 65
104 6 66 63 64 65
105 10 63 66 73 68
106 11 63 66 73 67
107 11 63 66 68 67
108 23 73 66 68 67
109 24 66 68 70 72
110 23 66 68 70 69
111 32 66 68 72 69
112 32 70 68 72 69
113 24 61 70 68 72
114 32 68 70 72 71
115 23 68 70 61 71
116 29 61 70 71 72
117 21 66 73 3 59
118 23 66 73 3 74
119 23 66 73 59 74
120 23 3 73 59 74
