Mody lammps parameter 2023-02-26 21:47:11.975106
128 atoms
133 bonds
264 angles
384 dihedrals
168 impropers

Types

1 2
2 5
3 1
4 5
5 5
6 7
7 1
8 5
9 5
10 2
11 5
12 1
13 5
14 5
15 8
16 4
17 7
18 1
19 5
20 5
21 2
22 5
23 1
24 5
25 5
26 7
27 1
28 5
29 5
30 2
31 5
32 1
33 5
34 5
35 1
36 5
37 5
38 2
39 5
40 1
41 5
42 5
43 7
44 1
45 5
46 5
47 3
48 5
49 6
50 1
51 5
52 5
53 1
54 5
55 5
56 1
57 5
58 5
59 7
60 1
61 5
62 5
63 1
64 5
65 5
66 1
67 5
68 5
69 7
70 1
71 5
72 5
73 2
74 5
75 1
76 5
77 5
78 1
79 5
80 5
81 2
82 5
83 1
84 5
85 5
86 7
87 1
88 5
89 5
90 3
91 5
92 1
93 5
94 5
95 6
96 1
97 5
98 5
99 1
100 5
101 5
102 1
103 5
104 5
105 1
106 5
107 5
108 2
109 5
110 1
111 5
112 5
113 7
114 1
115 5
116 5
117 3
118 5
119 6
120 1
121 5
122 5
123 1
124 5
125 5
126 1
127 5
128 5

Charges

1 -0.0530
2 0.0530
3 0.0270
4 0.0530
5 0.0530
6 -0.2660
7 0.0270
8 0.0530
9 0.0530
10 0.0800
11 0.0530
12 0.0270
13 0.0530
14 0.0530
15 -0.5571
16 0.4241
17 -0.2660
18 0.0270
19 0.0530
20 0.0530
21 0.0800
22 0.0530
23 0.0270
24 0.0530
25 0.0530
26 -0.2660
27 0.0270
28 0.0530
29 0.0530
30 -0.0530
31 0.0530
32 -0.1060
33 0.0530
34 0.0530
35 -0.1060
36 0.0530
37 0.0530
38 -0.0530
39 0.0530
40 0.0270
41 0.0530
42 0.0530
43 -0.2660
44 0.0270
45 0.0530
46 0.0530
47 0.0800
48 0.0530
49 -0.2660
50 0.0270
51 0.0530
52 0.0530
53 -0.1060
54 0.0530
55 0.0530
56 -0.1060
57 0.0530
58 0.0530
59 -0.2660
60 0.0270
61 0.0530
62 0.0530
63 -0.1060
64 0.0530
65 0.0530
66 0.0270
67 0.0530
68 0.0530
69 -0.2660
70 0.0270
71 0.0530
72 0.0530
73 -0.0530
74 0.0530
75 -0.1060
76 0.0530
77 0.0530
78 -0.1060
79 0.0530
80 0.0530
81 -0.0530
82 0.0530
83 0.0270
84 0.0530
85 0.0530
86 -0.2660
87 0.0270
88 0.0530
89 0.0530
90 0.0800
91 0.0530
92 0.0270
93 0.0530
94 0.0530
95 -0.2660
96 -0.1060
97 0.0530
98 0.0530
99 -0.1060
100 0.0530
101 0.0530
102 -0.1060
103 0.0530
104 0.0530
105 -0.1060
106 0.0530
107 0.0530
108 -0.0530
109 0.0530
110 0.0270
111 0.0530
112 0.0530
113 -0.2660
114 0.0270
115 0.0530
116 0.0530
117 0.0800
118 0.0530
119 -0.2660
120 0.0270
121 0.0530
122 0.0530
123 -0.1060
124 0.0530
125 0.0530
126 -0.1060
127 0.0530
128 0.0530

Coords

1 13.1512904186 21.5202930694 4.5023328962
2 13.9173564423 22.1733645491 3.9948379440
3 13.8034826164 20.1441054391 4.8411198585
4 14.0964983119 19.6138747912 3.9324346859
5 13.1205209267 19.5326266279 5.4422975858
6 14.9528159747 20.3293222461 5.6704880421
7 15.6499069865 19.1107166273 6.0700722491
8 15.9793399715 18.5461281934 5.1796530415
9 16.5860537087 19.4935228877 6.4478334927
10 15.0502220223 18.2031274128 7.0690273413
11 15.8222141446 17.5369538243 7.4772051519
12 14.4116424644 19.0073192598 8.2941161199
13 13.8496894250 18.3440954647 8.9392930603
14 13.6774916247 19.7322089778 7.9452348879
15 15.2379672296 19.7098477515 9.1903901507
16 15.9486877722 19.1452667020 9.3554968886
17 13.8835982119 17.3573886474 6.5754516287
18 13.9585702546 16.0167571705 6.0831398124
19 12.8880941637 15.8053120545 6.0768049324
20 14.4869818797 15.3536479364 6.7674538764
21 14.5372231516 15.7312165877 4.6919773707
22 15.5926009290 15.7893636503 4.7905507965
23 13.9877649267 16.5086156645 3.4663789913
24 14.7180738890 17.3093348880 3.0987114441
25 14.1123695898 15.8057711113 2.6479218444
26 12.7368519833 17.0986277335 3.6435513749
27 11.8694529352 17.4524907767 2.5846412305
28 12.0001214304 18.5336086507 2.1439927333
29 11.9809299899 16.7544988053 1.6973200106
30 10.3684127873 17.3697115534 3.1895643095
31 10.0141258633 18.4526610329 2.9389986275
32 10.1960490798 17.3458547298 4.7612990835
33 9.4805754986 18.1749686150 4.9945440226
34 11.1819873297 17.6997927900 5.1699949061
35 9.7953381028 16.0918407613 5.5603362821
36 10.7017072496 15.6706606451 5.9750766051
37 9.0475634540 16.2648578710 6.3647163030
38 9.0545346067 14.9882522603 4.7169276335
39 8.2130253477 14.6462608115 5.3654074443
40 9.8484767791 13.6669400474 4.6910422813
41 9.1953924339 12.8698628971 4.2179811345
42 10.0258881091 13.3494679230 5.7228314402
43 11.1825962772 13.6732435238 4.1220367924
44 11.1855794212 14.2545476009 2.8234330297
45 10.1701408873 14.1512024185 2.4295037287
46 11.3416197795 15.3025276459 3.0562018610
47 12.1464389262 14.0298283319 1.6633771279
48 13.1761269126 14.4309011314 1.7226680881
49 11.5113920517 14.3299294034 0.4029453860
50 11.9164597742 13.0125571377 0.6395227611
51 11.1256600417 12.2738359302 0.7361415185
52 12.6448886232 12.7134182087 -0.0651733691
53 8.4088152145 15.5029557312 3.3941544252
54 8.1230702471 14.7167143666 2.6944106310
55 7.4272655244 15.9655043265 3.6118110851
56 9.1884870938 16.5330975296 2.4928374920
57 8.3574482288 17.2658231387 2.2172983179
58 9.5225425605 16.1119604443 1.5269641051
59 14.2389880300 14.3423888090 4.5413419841
60 14.7007098809 13.3465009045 3.5950855474
61 14.5419703645 13.7554446941 2.5865704276
62 15.7534708670 13.2242039088 3.7375933927
63 13.9633412554 12.0333348463 3.8717920331
64 12.8658244654 12.1762893268 3.7282798650
65 14.1724733369 11.6691985647 4.9379359949
66 14.2364732039 10.8284173046 3.0039732105
67 13.6270835774 9.8729603777 3.2545003794
68 13.8946235674 11.1451358372 1.9699731784
69 15.5881878742 10.4746978402 2.8334686819
70 16.3690340141 10.5943956948 4.1172773794
71 16.2953620515 11.6132752255 4.4457293896
72 15.8226841851 10.0092344571 4.9121765959
73 17.7728602775 10.0606138976 4.1207837913
74 17.7053349392 9.0279566420 3.9225265553
75 18.7142383731 10.6786704830 2.9783211086
76 18.5564058575 11.7187154515 2.7705402529
77 18.1983374650 10.2165981824 2.0805815695
78 20.2055974833 10.3881851939 3.0919026104
79 20.4646727569 9.7670565143 2.3023481987
80 20.7481180377 11.3465657198 2.9706114246
81 20.7380930285 9.8519016541 4.4902128492
82 20.3211389731 8.7575660211 4.6132011912
83 22.3106985787 9.9904471650 4.6919769221
84 22.4748557467 9.3276097339 5.5102392415
85 22.5407716569 11.0362241613 4.8987462919
86 23.1231489611 9.6825915285 3.5668225109
87 24.5186273181 9.3184704824 3.8962150538
88 25.0097986954 9.9766633230 4.5961435916
89 25.0606063057 9.4444969788 2.8613668512
90 24.7284490281 7.8453586389 4.2719361544
91 25.7786823421 7.5314858643 4.1454634399
92 23.7525884072 6.7857903933 4.1562738583
93 24.0996525276 5.7175497765 3.8322475818
94 22.7282686612 6.8512321917 3.8488182305
95 24.0610031629 7.2636661376 5.4250470993
96 19.9232572654 10.7497098532 5.4488624578
97 20.1998112941 10.8027980440 6.5154542120
98 20.1148105987 11.7812755009 5.1118168995
99 18.4258926009 10.3182969822 5.4446020719
100 18.1392052941 9.5284420910 6.2062075891
101 17.9334039536 11.2617052755 5.8499715684
102 11.9457245836 21.3204458026 3.6171879752
103 11.5938478466 22.2385209806 3.1077513543
104 12.3339877273 20.6146980195 2.8277281301
105 10.6772826256 20.7563397892 4.3872887715
106 9.8135007639 20.4189312333 3.7852151416
107 10.9499358120 19.8043209487 4.9222045577
108 10.2403905180 21.7814111701 5.4628215311
109 10.1328504492 21.1773020078 6.3370590738
110 8.8882819172 22.4793656932 5.1597342540
111 8.5469126406 23.0887710208 6.0559663420
112 8.0551659275 21.7932233427 4.9849947916
113 8.8325981571 23.2112979809 3.9059097960
114 8.5368656185 24.6240766716 4.1084581095
115 9.3140506798 24.9909369553 4.7964397960
116 8.7397508486 25.0711577071 3.1354886034
117 7.1059067465 25.1227553518 4.5181611915
118 6.9853538003 25.6514049064 5.4594038160
119 6.3461809068 25.7088317201 3.4739989649
120 5.9236220599 24.4242334657 3.9634784303
121 6.1166050784 23.6092262164 3.2718278384
122 4.9655471301 24.3850402063 4.4453124829
123 11.3864496155 22.8475771732 5.7239020591
124 11.3369209990 23.7073703969 4.9687862448
125 11.0929801011 23.3148677225 6.7348763685
126 12.7839977993 22.2372651620 5.7785979332
127 13.4643117445 23.0762299473 5.9667342589
128 12.8475919068 21.5505474997 6.7126368848

Bonds

1 2 126 1
2 2 102 1
3 8 1 2
4 2 3 1
5 6 3 6
6 4 3 4
7 4 3 5
8 6 7 6
9 2 7 10
10 4 7 8
11 4 7 9
12 9 10 17
13 8 10 11
14 2 12 10
15 7 12 15
16 4 12 13
17 4 12 14
18 12 16 15
19 6 18 17
20 2 18 21
21 4 18 19
22 4 18 20
23 9 21 59
24 8 21 22
25 2 23 21
26 6 23 26
27 4 23 24
28 4 23 25
29 6 27 26
30 2 27 30
31 4 27 28
32 4 27 29
33 2 32 30
34 8 30 31
35 2 56 30
36 1 32 35
37 4 32 33
38 4 32 34
39 2 35 38
40 4 35 36
41 4 35 37
42 2 53 38
43 8 38 39
44 2 40 38
45 6 40 43
46 4 40 41
47 4 40 42
48 6 44 43
49 3 44 47
50 4 44 45
51 4 44 46
52 11 47 49
53 10 47 48
54 3 50 47
55 5 50 49
56 4 50 51
57 4 50 52
58 1 53 56
59 4 53 54
60 4 53 55
61 4 56 57
62 4 56 58
63 6 60 59
64 1 60 63
65 4 60 61
66 4 60 62
67 1 63 66
68 4 63 64
69 4 63 65
70 6 66 69
71 4 66 67
72 4 66 68
73 6 70 69
74 2 70 73
75 4 70 71
76 4 70 72
77 2 75 73
78 8 73 74
79 2 99 73
80 1 75 78
81 4 75 76
82 4 75 77
83 2 78 81
84 4 78 79
85 4 78 80
86 2 96 81
87 8 81 82
88 2 83 81
89 6 83 86
90 4 83 84
91 4 83 85
92 6 87 86
93 3 87 90
94 4 87 88
95 4 87 89
96 3 92 90
97 10 90 91
98 11 90 95
99 5 92 95
100 4 92 93
101 4 92 94
102 1 96 99
103 4 96 97
104 4 96 98
105 4 99 100
106 4 99 101
107 1 102 105
108 4 102 103
109 4 102 104
110 2 105 108
111 4 105 106
112 4 105 107
113 2 123 108
114 8 108 109
115 2 110 108
116 6 110 113
117 4 110 111
118 4 110 112
119 6 114 113
120 3 114 117
121 4 114 115
122 4 114 116
123 11 117 119
124 10 117 118
125 3 120 117
126 5 120 119
127 4 120 121
128 4 120 122
129 1 123 126
130 4 123 124
131 4 123 125
132 4 126 127
133 4 126 128

Angles

1 2 123 126 1
2 15 1 126 127
3 15 1 126 128
4 2 105 102 1
5 15 1 102 103
6 15 1 102 104
7 16 1 3 6
8 15 1 3 4
9 15 1 3 5
10 6 126 1 2
11 6 102 1 2
12 6 3 1 2
13 5 3 1 126
14 5 3 1 102
15 12 3 6 7
16 23 4 3 6
17 21 4 3 5
18 23 5 3 6
19 16 10 7 6
20 23 8 7 6
21 23 9 7 6
22 7 7 10 17
23 6 7 10 11
24 5 7 10 12
25 15 10 7 8
26 21 8 7 9
27 15 10 7 9
28 13 18 17 10
29 17 10 12 15
30 15 10 12 13
31 15 10 12 14
32 25 11 10 17
33 6 12 10 11
34 7 12 10 17
35 14 12 15 16
36 24 13 12 15
37 21 13 12 14
38 24 14 12 15
39 16 21 18 17
40 23 19 18 17
41 23 20 18 17
42 7 18 21 59
43 6 18 21 22
44 5 18 21 23
45 15 21 18 19
46 21 19 18 20
47 15 21 18 20
48 13 60 59 21
49 16 21 23 26
50 15 21 23 24
51 15 21 23 25
52 25 22 21 59
53 6 23 21 22
54 7 23 21 59
55 12 23 26 27
56 23 24 23 26
57 21 24 23 25
58 23 25 23 26
59 16 30 27 26
60 23 28 27 26
61 23 29 27 26
62 5 27 30 32
63 6 27 30 31
64 5 27 30 56
65 15 30 27 28
66 21 28 27 29
67 15 30 27 29
68 2 35 32 30
69 15 30 32 33
70 15 30 32 34
71 2 53 56 30
72 15 30 56 57
73 15 30 56 58
74 6 32 30 31
75 6 56 30 31
76 5 32 30 56
77 2 32 35 38
78 3 32 35 36
79 3 32 35 37
80 3 35 32 33
81 21 33 32 34
82 3 35 32 34
83 5 35 38 53
84 6 35 38 39
85 5 35 38 40
86 15 38 35 36
87 21 36 35 37
88 15 38 35 37
89 2 56 53 38
90 15 38 53 54
91 15 38 53 55
92 16 38 40 43
93 15 38 40 41
94 15 38 40 42
95 6 53 38 39
96 6 40 38 39
97 5 40 38 53
98 12 40 43 44
99 23 41 40 43
100 21 41 40 42
101 23 42 40 43
102 20 47 44 43
103 23 45 44 43
104 23 46 44 43
105 10 44 47 49
106 9 44 47 48
107 8 44 47 50
108 18 47 44 45
109 21 45 44 46
110 18 47 44 46
111 11 50 49 47
112 19 47 50 49
113 18 47 50 51
114 18 47 50 52
115 26 48 47 49
116 9 50 47 48
117 10 50 47 49
118 22 51 50 49
119 22 52 50 49
120 21 51 50 52
121 3 53 56 57
122 3 53 56 58
123 3 56 53 54
124 21 54 53 55
125 3 56 53 55
126 21 57 56 58
127 4 63 60 59
128 23 61 60 59
129 23 62 60 59
130 1 60 63 66
131 3 60 63 64
132 3 60 63 65
133 3 63 60 61
134 21 61 60 62
135 3 63 60 62
136 4 63 66 69
137 3 63 66 67
138 3 63 66 68
139 3 66 63 64
140 21 64 63 65
141 3 66 63 65
142 12 66 69 70
143 23 67 66 69
144 21 67 66 68
145 23 68 66 69
146 16 73 70 69
147 23 71 70 69
148 23 72 70 69
149 5 70 73 75
150 6 70 73 74
151 5 70 73 99
152 15 73 70 71
153 21 71 70 72
154 15 73 70 72
155 2 78 75 73
156 15 73 75 76
157 15 73 75 77
158 2 96 99 73
159 15 73 99 100
160 15 73 99 101
161 6 75 73 74
162 6 99 73 74
163 5 75 73 99
164 2 75 78 81
165 3 75 78 79
166 3 75 78 80
167 3 78 75 76
168 21 76 75 77
169 3 78 75 77
170 5 78 81 96
171 6 78 81 82
172 5 78 81 83
173 15 81 78 79
174 21 79 78 80
175 15 81 78 80
176 2 99 96 81
177 15 81 96 97
178 15 81 96 98
179 16 81 83 86
180 15 81 83 84
181 15 81 83 85
182 6 96 81 82
183 6 83 81 82
184 5 83 81 96
185 12 83 86 87
186 23 84 83 86
187 21 84 83 85
188 23 85 83 86
189 20 90 87 86
190 23 88 87 86
191 23 89 87 86
192 8 87 90 92
193 9 87 90 91
194 10 87 90 95
195 18 90 87 88
196 21 88 87 89
197 18 90 87 89
198 19 90 92 95
199 18 90 92 93
200 18 90 92 94
201 11 92 95 90
202 9 92 90 91
203 26 91 90 95
204 10 92 90 95
205 22 93 92 95
206 21 93 92 94
207 22 94 92 95
208 3 96 99 100
209 3 96 99 101
210 3 99 96 97
211 21 97 96 98
212 3 99 96 98
213 21 100 99 101
214 5 102 1 126
215 2 102 105 108
216 3 102 105 106
217 3 102 105 107
218 3 105 102 103
219 21 103 102 104
220 3 105 102 104
221 5 105 108 123
222 6 105 108 109
223 5 105 108 110
224 15 108 105 106
225 21 106 105 107
226 15 108 105 107
227 2 126 123 108
228 15 108 123 124
229 15 108 123 125
230 16 108 110 113
231 15 108 110 111
232 15 108 110 112
233 6 123 108 109
234 6 110 108 109
235 5 110 108 123
236 12 110 113 114
237 23 111 110 113
238 21 111 110 112
239 23 112 110 113
240 20 117 114 113
241 23 115 114 113
242 23 116 114 113
243 10 114 117 119
244 9 114 117 118
245 8 114 117 120
246 18 117 114 115
247 21 115 114 116
248 18 117 114 116
249 11 120 119 117
250 19 117 120 119
251 18 117 120 121
252 18 117 120 122
253 26 118 117 119
254 9 120 117 118
255 10 120 117 119
256 22 121 120 119
257 22 122 120 119
258 21 121 120 122
259 3 123 126 127
260 3 123 126 128
261 3 126 123 124
262 21 124 123 125
263 3 126 123 125
264 21 127 126 128

Dihedrals

1 20 1 126 123 108
2 21 1 126 123 124
3 21 1 126 123 125
4 20 1 102 105 108
5 21 1 102 105 106
6 21 1 102 105 107
7 16 7 6 3 1
8 4 123 126 1 2
9 28 127 126 1 2
10 28 128 126 1 2
11 4 105 102 1 2
12 28 103 102 1 2
13 28 104 102 1 2
14 32 2 1 3 6
15 28 4 3 1 2
16 28 5 3 1 2
17 3 123 126 1 3
18 7 3 1 126 127
19 7 3 1 126 128
20 3 105 102 1 3
21 7 3 1 102 103
22 7 3 1 102 104
23 16 3 6 7 10
24 18 3 6 7 8
25 18 3 6 7 9
26 7 126 1 3 4
27 7 102 1 3 4
28 18 7 6 3 4
29 7 126 1 3 5
30 7 102 1 3 5
31 18 7 6 3 5
32 8 126 1 3 6
33 8 102 1 3 6
34 37 6 7 10 17
35 32 11 10 7 6
36 8 12 10 7 6
37 10 7 10 17 18
38 9 7 10 12 15
39 7 7 10 12 13
40 7 7 10 12 14
41 29 8 7 10 17
42 28 8 7 10 11
43 7 12 10 7 8
44 29 9 7 10 17
45 28 9 7 10 11
46 7 12 10 7 9
47 39 21 18 17 10
48 23 10 17 18 19
49 23 10 17 18 20
50 22 10 12 15 16
51 19 18 17 10 11
52 33 11 10 12 15
53 28 13 12 10 11
54 28 14 12 10 11
55 10 12 10 17 18
56 29 13 12 10 17
57 25 16 15 12 13
58 29 14 12 10 17
59 25 16 15 12 14
60 38 17 10 12 15
61 37 17 18 21 59
62 32 22 21 18 17
63 8 23 21 18 17
64 10 18 21 59 60
65 8 18 21 23 26
66 7 18 21 23 24
67 7 18 21 23 25
68 29 19 18 21 59
69 28 19 18 21 22
70 7 23 21 18 19
71 29 20 18 21 59
72 28 20 18 21 22
73 7 23 21 18 20
74 6 63 60 59 21
75 23 21 59 60 61
76 23 21 59 60 62
77 16 27 26 23 21
78 19 60 59 21 22
79 32 22 21 23 26
80 28 24 23 21 22
81 28 25 23 21 22
82 10 23 21 59 60
83 16 23 26 27 30
84 18 23 26 27 28
85 18 23 26 27 29
86 29 24 23 21 59
87 18 27 26 23 24
88 29 25 23 21 59
89 18 27 26 23 25
90 37 26 23 21 59
91 8 32 30 27 26
92 32 31 30 27 26
93 8 56 30 27 26
94 3 35 32 30 27
95 7 27 30 32 33
96 7 27 30 32 34
97 3 53 56 30 27
98 7 27 30 56 57
99 7 27 30 56 58
100 7 32 30 27 28
101 28 28 27 30 31
102 7 56 30 27 28
103 7 32 30 27 29
104 28 29 27 30 31
105 7 56 30 27 29
106 20 30 32 35 38
107 21 30 32 35 36
108 21 30 32 35 37
109 20 30 56 53 38
110 21 30 56 53 54
111 21 30 56 53 55
112 4 35 32 30 31
113 28 33 32 30 31
114 28 34 32 30 31
115 4 53 56 30 31
116 28 57 56 30 31
117 28 58 56 30 31
118 3 53 56 30 32
119 7 32 30 56 57
120 7 32 30 56 58
121 3 32 35 38 53
122 4 32 35 38 39
123 3 32 35 38 40
124 7 56 30 32 33
125 21 38 35 32 33
126 26 33 32 35 36
127 26 33 32 35 37
128 7 56 30 32 34
129 21 38 35 32 34
130 26 34 32 35 36
131 26 34 32 35 37
132 3 35 32 30 56
133 3 56 53 38 35
134 7 35 38 53 54
135 7 35 38 53 55
136 8 35 38 40 43
137 7 35 38 40 41
138 7 35 38 40 42
139 7 53 38 35 36
140 28 36 35 38 39
141 7 40 38 35 36
142 7 53 38 35 37
143 28 37 35 38 39
144 7 40 38 35 37
145 21 38 53 56 57
146 21 38 53 56 58
147 16 44 43 40 38
148 4 56 53 38 39
149 28 54 53 38 39
150 28 55 53 38 39
151 32 39 38 40 43
152 28 41 40 38 39
153 28 42 40 38 39
154 3 56 53 38 40
155 7 40 38 53 54
156 7 40 38 53 55
157 17 40 43 44 47
158 18 40 43 44 45
159 18 40 43 44 46
160 7 53 38 40 41
161 18 44 43 40 41
162 7 53 38 40 42
163 18 44 43 40 42
164 8 53 38 40 43
165 36 49 47 44 43
166 35 48 47 44 43
167 13 50 47 44 43
168 14 44 47 49 50
169 12 44 47 50 49
170 11 44 47 50 51
171 11 44 47 50 52
172 31 45 44 47 49
173 30 45 44 47 48
174 11 50 47 44 45
175 31 46 44 47 49
176 30 46 44 47 48
177 11 50 47 44 46
178 24 47 49 50 51
179 24 47 49 50 52
180 15 50 49 47 48
181 34 48 47 50 49
182 30 51 50 47 48
183 30 52 50 47 48
184 31 51 50 47 49
185 31 52 50 47 49
186 26 54 53 56 57
187 26 54 53 56 58
188 26 55 53 56 57
189 26 55 53 56 58
190 2 66 63 60 59
191 27 64 63 60 59
192 27 65 63 60 59
193 2 60 63 66 69
194 1 60 63 66 67
195 1 60 63 66 68
196 1 66 63 60 61
197 26 61 60 63 64
198 26 61 60 63 65
199 1 66 63 60 62
200 26 62 60 63 64
201 26 62 60 63 65
202 5 63 66 69 70
203 27 64 63 66 69
204 26 64 63 66 67
205 26 64 63 66 68
206 27 65 63 66 69
207 26 65 63 66 67
208 26 65 63 66 68
209 16 66 69 70 73
210 18 66 69 70 71
211 18 66 69 70 72
212 18 70 69 66 67
213 18 70 69 66 68
214 8 75 73 70 69
215 32 74 73 70 69
216 8 99 73 70 69
217 3 78 75 73 70
218 7 70 73 75 76
219 7 70 73 75 77
220 3 96 99 73 70
221 7 70 73 99 100
222 7 70 73 99 101
223 7 75 73 70 71
224 28 71 70 73 74
225 7 99 73 70 71
226 7 75 73 70 72
227 28 72 70 73 74
228 7 99 73 70 72
229 20 73 75 78 81
230 21 73 75 78 79
231 21 73 75 78 80
232 20 73 99 96 81
233 21 73 99 96 97
234 21 73 99 96 98
235 4 78 75 73 74
236 28 76 75 73 74
237 28 77 75 73 74
238 4 96 99 73 74
239 28 100 99 73 74
240 28 101 99 73 74
241 3 96 99 73 75
242 7 75 73 99 100
243 7 75 73 99 101
244 3 75 78 81 96
245 4 75 78 81 82
246 3 75 78 81 83
247 7 99 73 75 76
248 21 81 78 75 76
249 26 76 75 78 79
250 26 76 75 78 80
251 7 99 73 75 77
252 21 81 78 75 77
253 26 77 75 78 79
254 26 77 75 78 80
255 3 78 75 73 99
256 3 99 96 81 78
257 7 78 81 96 97
258 7 78 81 96 98
259 8 78 81 83 86
260 7 78 81 83 84
261 7 78 81 83 85
262 7 96 81 78 79
263 28 79 78 81 82
264 7 83 81 78 79
265 7 96 81 78 80
266 28 80 78 81 82
267 7 83 81 78 80
268 21 81 96 99 100
269 21 81 96 99 101
270 16 87 86 83 81
271 4 99 96 81 82
272 28 97 96 81 82
273 28 98 96 81 82
274 32 82 81 83 86
275 28 84 83 81 82
276 28 85 83 81 82
277 3 99 96 81 83
278 7 83 81 96 97
279 7 83 81 96 98
280 17 83 86 87 90
281 18 83 86 87 88
282 18 83 86 87 89
283 7 96 81 83 84
284 18 87 86 83 84
285 7 96 81 83 85
286 18 87 86 83 85
287 8 96 81 83 86
288 13 92 90 87 86
289 35 91 90 87 86
290 36 95 90 87 86
291 12 87 90 92 95
292 11 87 90 92 93
293 11 87 90 92 94
294 14 87 90 95 92
295 11 92 90 87 88
296 30 88 87 90 91
297 31 88 87 90 95
298 11 92 90 87 89
299 30 89 87 90 91
300 31 89 87 90 95
301 24 90 95 92 93
302 24 90 95 92 94
303 34 91 90 92 95
304 30 93 92 90 91
305 30 94 92 90 91
306 15 92 95 90 91
307 31 93 92 90 95
308 31 94 92 90 95
309 26 97 96 99 100
310 26 97 96 99 101
311 26 98 96 99 100
312 26 98 96 99 101
313 3 123 126 1 102
314 7 102 1 126 127
315 7 102 1 126 128
316 3 102 105 108 123
317 4 102 105 108 109
318 3 102 105 108 110
319 7 126 1 102 103
320 21 108 105 102 103
321 26 103 102 105 106
322 26 103 102 105 107
323 7 126 1 102 104
324 21 108 105 102 104
325 26 104 102 105 106
326 26 104 102 105 107
327 3 105 102 1 126
328 3 126 123 108 105
329 7 105 108 123 124
330 7 105 108 123 125
331 8 105 108 110 113
332 7 105 108 110 111
333 7 105 108 110 112
334 7 123 108 105 106
335 28 106 105 108 109
336 7 110 108 105 106
337 7 123 108 105 107
338 28 107 105 108 109
339 7 110 108 105 107
340 21 108 123 126 127
341 21 108 123 126 128
342 16 114 113 110 108
343 4 126 123 108 109
344 28 124 123 108 109
345 28 125 123 108 109
346 32 109 108 110 113
347 28 111 110 108 109
348 28 112 110 108 109
349 3 126 123 108 110
350 7 110 108 123 124
351 7 110 108 123 125
352 17 110 113 114 117
353 18 110 113 114 115
354 18 110 113 114 116
355 7 123 108 110 111
356 18 114 113 110 111
357 7 123 108 110 112
358 18 114 113 110 112
359 8 123 108 110 113
360 36 119 117 114 113
361 35 118 117 114 113
362 13 120 117 114 113
363 14 114 117 119 120
364 12 114 117 120 119
365 11 114 117 120 121
366 11 114 117 120 122
367 31 115 114 117 119
368 30 115 114 117 118
369 11 120 117 114 115
370 31 116 114 117 119
371 30 116 114 117 118
372 11 120 117 114 116
373 24 117 119 120 121
374 24 117 119 120 122
375 15 120 119 117 118
376 34 118 117 120 119
377 30 121 120 117 118
378 30 122 120 117 118
379 31 121 120 117 119
380 31 122 120 117 119
381 26 124 123 126 127
382 26 124 123 126 128
383 26 125 123 126 127
384 26 125 123 126 128

Impropers

1 19 126 1 102 2
2 18 126 1 102 3
3 19 3 1 126 2
4 19 3 1 102 2
5 9 1 3 6 4
6 9 1 3 6 5
7 7 1 3 4 5
8 16 4 3 5 6
9 8 10 7 8 6
10 8 10 7 9 6
11 16 8 7 9 6
12 7 10 7 8 9
13 21 7 10 17 11
14 20 12 10 7 17
15 19 12 10 7 11
16 21 12 10 17 11
17 10 10 12 15 13
18 10 10 12 15 14
19 7 10 12 13 14
20 17 13 12 14 15
21 8 21 18 19 17
22 8 21 18 20 17
23 16 19 18 20 17
24 7 21 18 19 20
25 21 18 21 59 22
26 20 23 21 18 59
27 19 23 21 18 22
28 21 23 21 59 22
29 9 21 23 26 24
30 9 21 23 26 25
31 7 21 23 24 25
32 16 24 23 25 26
33 8 30 27 28 26
34 8 30 27 29 26
35 16 28 27 29 26
36 7 30 27 28 29
37 19 27 30 32 31
38 18 27 30 32 56
39 19 56 30 27 31
40 19 56 30 32 31
41 3 35 32 33 30
42 3 35 32 34 30
43 7 30 32 33 34
44 4 35 32 33 34
45 2 32 35 38 36
46 2 32 35 38 37
47 4 32 35 36 37
48 7 38 35 36 37
49 19 35 38 53 39
50 18 35 38 53 40
51 19 40 38 35 39
52 19 40 38 53 39
53 9 38 40 43 41
54 9 38 40 43 42
55 7 38 40 41 42
56 16 41 40 42 43
57 13 47 44 45 43
58 13 47 44 46 43
59 16 45 44 46 43
60 11 47 44 45 46
61 25 44 47 49 48
62 23 50 47 44 49
63 22 50 47 44 48
64 25 50 47 49 48
65 12 47 50 51 49
66 12 47 50 52 49
67 15 51 50 52 49
68 11 47 50 51 52
69 3 56 53 54 38
70 3 56 53 55 38
71 7 38 53 54 55
72 4 56 53 54 55
73 2 53 56 30 57
74 2 53 56 30 58
75 4 53 56 57 58
76 7 30 56 57 58
77 5 63 60 61 59
78 5 63 60 62 59
79 16 61 60 62 59
80 4 63 60 61 62
81 1 60 63 66 64
82 1 60 63 66 65
83 4 60 63 64 65
84 4 66 63 64 65
85 6 63 66 69 67
86 6 63 66 69 68
87 4 63 66 67 68
88 16 67 66 68 69
89 8 73 70 71 69
90 8 73 70 72 69
91 16 71 70 72 69
92 7 73 70 71 72
93 19 70 73 75 74
94 18 70 73 75 99
95 19 99 73 70 74
96 19 99 73 75 74
97 3 78 75 76 73
98 3 78 75 77 73
99 7 73 75 76 77
100 4 78 75 76 77
101 2 75 78 81 79
102 2 75 78 81 80
103 4 75 78 79 80
104 7 81 78 79 80
105 19 78 81 96 82
106 18 78 81 96 83
107 19 83 81 78 82
108 19 83 81 96 82
109 9 81 83 86 84
110 9 81 83 86 85
111 7 81 83 84 85
112 16 84 83 85 86
113 13 90 87 88 86
114 13 90 87 89 86
115 16 88 87 89 86
116 11 90 87 88 89
117 22 87 90 92 91
118 23 87 90 92 95
119 24 87 90 91 95
120 24 92 90 91 95
121 14 90 92 95 93
122 14 90 92 95 94
123 11 90 92 93 94
124 15 93 92 94 95
125 3 99 96 97 81
126 3 99 96 98 81
127 7 81 96 97 98
128 4 99 96 97 98
129 2 96 99 73 100
130 2 96 99 73 101
131 4 96 99 100 101
132 7 73 99 100 101
133 3 105 102 103 1
134 3 105 102 104 1
135 7 1 102 103 104
136 4 105 102 103 104
137 2 102 105 108 106
138 2 102 105 108 107
139 4 102 105 106 107
140 7 108 105 106 107
141 19 105 108 123 109
142 18 105 108 123 110
143 19 110 108 105 109
144 19 110 108 123 109
145 9 108 110 113 111
146 9 108 110 113 112
147 7 108 110 111 112
148 16 111 110 112 113
149 13 117 114 115 113
150 13 117 114 116 113
151 16 115 114 116 113
152 11 117 114 115 116
153 25 114 117 119 118
154 23 120 117 114 119
155 22 120 117 114 118
156 25 120 117 119 118
157 12 117 120 121 119
158 12 117 120 122 119
159 15 121 120 122 119
160 11 117 120 121 122
161 3 126 123 124 108
162 3 126 123 125 108
163 7 108 123 124 125
164 4 126 123 124 125
165 2 123 126 1 127
166 2 123 126 1 128
167 4 123 126 127 128
168 7 1 126 127 128
