delete edged atoms 
24 atoms
23 bonds
40 angles
51 dihedrals
24 impropers

Types

1	2
2	7
3	1
4	5
5	5
6	2
7	5
8	1
9	5
10	5
11	7
12	1
13	7
14	1
15	5
16	5
17	1
18	5
19	5
20	1
21	5
22	5
23	7
24	1

Charges

1	0.0800
2	-0.2660
3	0.0270
4	0.0530
5	0.0530
6	0.0800
7	0.0530
8	0.0270
9	0.0530
10	0.0530
11	-0.2660
12	0.0270
13	-0.2660
14	0.0270
15	0.0530
16	0.0530
17	-0.1060
18	0.0530
19	0.0530
20	0.0270
21	0.0530
22	0.0530
23	-0.2660
24	0.0270

Coords

1	12.2731092910	-2.4856104550	11.8646549896
2	13.1688311624	-3.4695872423	11.2406657845
3	13.1628511523	-4.7385957643	11.9878601009
4	14.1872648116	-5.0552347394	12.1773283347
5	12.6938743169	-4.5815620266	12.9191059529
6	12.4201351494	-5.9675715550	11.3965805605
7	11.3971690076	-5.7417534801	11.2234297721
8	12.3371053973	-7.1632420447	12.3843730648
9	11.5429791144	-7.0577487082	13.1298165751
10	12.1990607216	-8.1325596747	11.8249781795
11	13.6656328518	-7.3905297334	13.0201343168
12	13.6909176586	-7.2706236086	14.4029453928
13	13.1062370829	-6.3619093522	10.2105154434
14	12.3661989522	-6.4108583057	8.9081161579
15	11.8417530590	-5.4624377419	8.7349099605
16	13.1427597229	-6.5388974016	8.1122315177
17	11.2663157515	-7.5005585954	8.8244420880
18	10.9509415549	-7.4593294140	7.7451901771
19	10.3656490984	-7.2875805011	9.5245527505
20	11.6922873984	-8.9451382173	9.0303000604
21	11.7315872002	-9.2470858346	10.1133489114
22	11.0608220113	-9.5812511378	8.4050083002
23	12.9265539721	-9.3500113967	8.2975501519
24	14.2305091045	-9.2508663992	8.8855885228

Bonds

1	9	1	2
2	6	3	2
3	2	3	6
4	4	3	4
5	4	3	5
6	9	6	13
7	8	6	7
8	2	8	6
9	6	8	11
10	4	8	9
11	4	8	10
12	6	12	11
13	6	14	13
14	1	14	17
15	4	14	15
16	4	14	16
17	1	17	20
18	4	17	18
19	4	17	19
20	6	20	23
21	4	20	21
22	4	20	22
23	6	24	23

Angles

1	13	3	2	1
2	16	6	3	2
3	23	4	3	2
4	23	5	3	2
5	7	3	6	13
6	6	3	6	7
7	5	3	6	8
8	15	6	3	4
9	21	4	3	5
10	15	6	3	5
11	13	14	13	6
12	16	6	8	11
13	15	6	8	9
14	15	6	8	10
15	25	7	6	13
16	6	8	6	7
17	7	8	6	13
18	12	8	11	12
19	23	9	8	11
20	21	9	8	10
21	23	10	8	11
22	4	17	14	13
23	23	15	14	13
24	23	16	14	13
25	1	14	17	20
26	3	14	17	18
27	3	14	17	19
28	3	17	14	15
29	21	15	14	16
30	3	17	14	16
31	4	17	20	23
32	3	17	20	21
33	3	17	20	22
34	3	20	17	18
35	21	18	17	19
36	3	20	17	19
37	12	20	23	24
38	23	21	20	23
39	21	21	20	22
40	23	22	20	23

Dihedrals

1	40	6	3	2	1
2	24	1	2	3	4
3	24	1	2	3	5
4	38	2	3	6	13
5	33	7	6	3	2
6	10	8	6	3	2
7	12	3	6	13	14
8	10	3	6	8	11
9	9	3	6	8	9
10	9	3	6	8	10
11	30	4	3	6	13
12	29	4	3	6	7
13	9	8	6	3	4
14	30	5	3	6	13
15	29	5	3	6	7
16	9	8	6	3	5
17	8	17	14	13	6
18	24	6	13	14	15
19	24	6	13	14	16
20	18	12	11	8	6
21	21	14	13	6	7
22	33	7	6	8	11
23	29	9	8	6	7
24	29	10	8	6	7
25	12	8	6	13	14
26	30	9	8	6	13
27	20	12	11	8	9
28	30	10	8	6	13
29	20	12	11	8	10
30	38	11	8	6	13
31	4	20	17	14	13
32	28	18	17	14	13
33	28	19	17	14	13
34	4	14	17	20	23
35	3	14	17	20	21
36	3	14	17	20	22
37	3	20	17	14	15
38	27	15	14	17	18
39	27	15	14	17	19
40	3	20	17	14	16
41	27	16	14	17	18
42	27	16	14	17	19
43	7	17	20	23	24
44	28	18	17	20	23
45	27	18	17	20	21
46	27	18	17	20	22
47	28	19	17	20	23
48	27	19	17	20	21
49	27	19	17	20	22
50	20	24	23	20	21
51	20	24	23	20	22

Impropers

1	8	6	3	4	2
2	8	6	3	5	2
3	16	4	3	5	2
4	7	6	3	4	5
5	21	3	6	13	7
6	20	8	6	3	13
7	19	8	6	3	7
8	21	8	6	13	7
9	9	6	8	11	9
10	9	6	8	11	10
11	7	6	8	9	10
12	16	9	8	10	11
13	5	17	14	15	13
14	5	17	14	16	13
15	16	15	14	16	13
16	4	17	14	15	16
17	1	14	17	20	18
18	1	14	17	20	19
19	4	14	17	18	19
20	4	20	17	18	19
21	6	17	20	23	21
22	6	17	20	23	22
23	4	17	20	21	22
24	16	21	20	22	23