delete edged atoms 
30 atoms
29 bonds
52 angles
54 dihedrals
32 impropers

Types

1	2
2	7
3	1
4	5
5	5
6	1
7	5
8	5
9	1
10	5
11	5
12	7
13	1
14	5
15	5
16	2
17	2
18	1
19	5
20	5
21	7
22	1
23	5
24	5
25	3
26	5
27	6
28	1
29	5
30	5

Charges

1	0.0800
2	-0.2660
3	0.0270
4	0.0530
5	0.0530
6	-0.1060
7	0.0530
8	0.0530
9	0.0270
10	0.0530
11	0.0530
12	-0.2660
13	0.0270
14	0.0530
15	0.0530
16	-0.0530
17	-0.0530
18	0.0270
19	0.0530
20	0.0530
21	-0.2660
22	0.0270
23	0.0530
24	0.0530
25	0.0800
26	0.0530
27	-0.2660
28	0.0270
29	0.0530
30	0.0530

Coords

1	8.4638785844	11.7514654941	12.3574945660
2	7.2743795762	10.9561504762	12.0245805619
3	6.1981544851	10.6360154076	12.9665043054
4	5.6087212745	11.4935354800	13.2777452051
5	6.7440300899	10.2031651403	13.7866706535
6	5.1822007850	9.6783915685	12.4588555143
7	4.2554956794	9.4757366917	13.1725774863
8	4.7552225078	10.1383489831	11.5411670115
9	5.7486522173	8.2611761783	12.0858132919
10	6.1839752036	7.8127151345	13.0398784807
11	6.4120403974	8.5285891605	11.2824288979
12	4.5949127840	7.6468870812	11.6008984780
13	4.5835413328	6.3844178931	10.8942551076
14	5.5207602545	6.4100807438	10.2146029011
15	3.8261658927	6.6114658180	10.0967887227
16	4.1970777516	5.0666688095	11.6523787511
17	20.5595419188	17.1152538159	22.3667759734
18	20.3772668004	15.9050365446	21.4693901569
19	20.9002325375	14.9722877916	21.8348597274
20	20.9663334566	16.1808482833	20.6120581697
21	19.0217094248	15.6569311708	21.0929472601
22	18.7631746531	15.4708801634	19.7062634137
23	19.6293678100	15.5119327914	19.0578214082
24	18.2298472432	16.4231726629	19.4136080390
25	17.8328918508	14.3053430893	19.3175233137
26	17.6280482346	14.2258600867	18.2527377459
27	16.7650924554	14.3058897044	20.2707719332
28	17.5825185466	13.1587092514	20.1938040488
29	17.0298520248	12.1289141746	20.0070301933
30	18.1577935904	13.0438231063	21.0746144378

Bonds

1	9	1	2
2	6	3	2
3	1	3	6
4	4	3	4
5	4	3	5
6	1	6	9
7	4	6	7
8	4	6	8
9	6	9	12
10	4	9	10
11	4	9	11
12	6	13	12
13	2	13	16
14	4	13	14
15	4	13	15
16	2	18	17
17	6	18	21
18	4	18	19
19	4	18	20
20	6	22	21
21	3	22	25
22	4	22	23
23	4	22	24
24	11	25	27
25	10	25	26
26	3	28	25
27	5	28	27
28	4	28	29
29	4	28	30

Angles

1	13	3	2	1
2	4	6	3	2
3	23	4	3	2
4	23	5	3	2
5	1	3	6	9
6	3	3	6	7
7	3	3	6	8
8	3	6	3	4
9	21	4	3	5
10	3	6	3	5
11	4	6	9	12
12	3	6	9	10
13	3	6	9	11
14	3	9	6	7
15	21	7	6	8
16	3	9	6	8
17	12	9	12	13
18	23	10	9	12
19	21	10	9	11
20	23	11	9	12
21	16	16	13	12
22	23	14	13	12
23	23	15	13	12
24	15	16	13	14
25	21	14	13	15
26	15	16	13	15
27	16	17	18	21
28	15	17	18	19
29	15	17	18	20
30	12	18	21	22
31	23	19	18	21
32	21	19	18	20
33	23	20	18	21
34	20	25	22	21
35	23	23	22	21
36	23	24	22	21
37	10	22	25	27
38	9	22	25	26
39	8	22	25	28
40	18	25	22	23
41	21	23	22	24
42	18	25	22	24
43	11	28	27	25
44	19	25	28	27
45	18	25	28	29
46	18	25	28	30
47	26	26	25	27
48	9	28	25	26
49	10	28	25	27
50	22	29	28	27
51	22	30	28	27
52	21	29	28	30

Dihedrals

1	8	6	3	2	1
2	24	1	2	3	4
3	24	1	2	3	5
4	4	9	6	3	2
5	28	7	6	3	2
6	28	8	6	3	2
7	4	3	6	9	12
8	3	3	6	9	10
9	3	3	6	9	11
10	3	9	6	3	4
11	27	4	3	6	7
12	27	4	3	6	8
13	3	9	6	3	5
14	27	5	3	6	7
15	27	5	3	6	8
16	7	6	9	12	13
17	28	7	6	9	12
18	27	7	6	9	10
19	27	7	6	9	11
20	28	8	6	9	12
21	27	8	6	9	10
22	27	8	6	9	11
23	18	9	12	13	16
24	20	9	12	13	14
25	20	9	12	13	15
26	20	13	12	9	10
27	20	13	12	9	11
28	18	22	21	18	17
29	19	18	21	22	25
30	20	18	21	22	23
31	20	18	21	22	24
32	20	22	21	18	19
33	20	22	21	18	20
34	37	27	25	22	21
35	36	26	25	22	21
36	15	28	25	22	21
37	16	22	25	27	28
38	14	22	25	28	27
39	13	22	25	28	29
40	13	22	25	28	30
41	32	23	22	25	27
42	31	23	22	25	26
43	13	28	25	22	23
44	32	24	22	25	27
45	31	24	22	25	26
46	13	28	25	22	24
47	25	25	27	28	29
48	25	25	27	28	30
49	17	28	27	25	26
50	35	26	25	28	27
51	31	29	28	25	26
52	31	30	28	25	26
53	32	29	28	25	27
54	32	30	28	25	27

Impropers

1	5	6	3	4	2
2	5	6	3	5	2
3	16	4	3	5	2
4	4	6	3	4	5
5	1	3	6	9	7
6	1	3	6	9	8
7	4	3	6	7	8
8	4	9	6	7	8
9	6	6	9	12	10
10	6	6	9	12	11
11	4	6	9	10	11
12	16	10	9	11	12
13	8	16	13	14	12
14	8	16	13	15	12
15	16	14	13	15	12
16	7	16	13	14	15
17	9	17	18	21	19
18	9	17	18	21	20
19	7	17	18	19	20
20	16	19	18	20	21
21	13	25	22	23	21
22	13	25	22	24	21
23	16	23	22	24	21
24	11	25	22	23	24
25	24	22	25	27	26
26	23	28	25	22	27
27	22	28	25	22	26
28	24	28	25	27	26
29	12	25	28	29	27
30	12	25	28	30	27
31	15	29	28	30	27
32	11	25	28	29	30