delete edged atoms 
24 atoms
23 bonds
40 angles
51 dihedrals
24 impropers

Types

1	2
2	7
3	1
4	5
5	5
6	2
7	5
8	1
9	5
10	5
11	7
12	2
13	7
14	1
15	5
16	5
17	1
18	5
19	5
20	1
21	5
22	5
23	7
24	2

Charges

1	0.0800
2	-0.2660
3	0.0270
4	0.0530
5	0.0530
6	0.0800
7	0.0530
8	0.0270
9	0.0530
10	0.0530
11	-0.2660
12	0.0800
13	-0.2660
14	0.0270
15	0.0530
16	0.0530
17	-0.1060
18	0.0530
19	0.0530
20	0.0270
21	0.0530
22	0.0530
23	-0.2660
24	0.0800

Coords

1	12.6106633609	4.6054329587	23.4822140093
2	12.3076590328	5.1323602977	24.7197203054
3	11.8306199345	4.2132539912	25.7071413023
4	11.6329554012	3.1654688145	25.2655070146
5	10.9527934583	4.6252895245	26.1376765997
6	12.9500361995	4.1314813537	26.7561475759
7	12.5294147152	3.7382691428	27.6966107904
8	13.8297893449	5.4121144194	27.0499788211
9	14.6642685979	5.0067216050	27.5640944032
10	14.2300711325	5.6987987053	26.0668907527
11	13.4758839446	6.6744689091	27.6197584601
12	13.0141485683	7.0145915742	28.9653162815
13	13.9352359592	3.1128752527	26.2235041580
14	14.0767286056	1.8009446752	26.6595690915
15	14.8696807916	1.4292230950	25.9723009369
16	13.1421527631	1.2395610564	26.3677712846
17	14.5501149967	1.3024356877	28.1132957199
18	15.0078176841	0.3768549292	27.6876784600
19	13.6062117653	0.8505475527	28.5640639418
20	15.4344203393	1.7425387938	29.2974263455
21	14.8328025271	2.2720293806	30.0204004152
22	15.6403308484	0.7375541828	29.7690641700
23	16.6757706614	2.4899461895	29.2204450363
24	17.0862864893	3.6249876800	29.9666539851

Bonds

1	9	1	2
2	6	3	2
3	2	3	6
4	4	3	4
5	4	3	5
6	9	6	13
7	8	6	7
8	2	8	6
9	6	8	11
10	4	8	9
11	4	8	10
12	9	12	11
13	6	14	13
14	1	14	17
15	4	14	15
16	4	14	16
17	1	17	20
18	4	17	18
19	4	17	19
20	6	20	23
21	4	20	21
22	4	20	22
23	9	24	23

Angles

1	12	3	2	1
2	16	6	3	2
3	23	4	3	2
4	23	5	3	2
5	7	3	6	13
6	6	3	6	7
7	5	3	6	8
8	15	6	3	4
9	21	4	3	5
10	15	6	3	5
11	12	14	13	6
12	16	6	8	11
13	15	6	8	9
14	15	6	8	10
15	25	7	6	13
16	6	8	6	7
17	7	8	6	13
18	12	8	11	12
19	23	9	8	11
20	21	9	8	10
21	23	10	8	11
22	4	17	14	13
23	23	15	14	13
24	23	16	14	13
25	1	14	17	20
26	3	14	17	18
27	3	14	17	19
28	3	17	14	15
29	21	15	14	16
30	3	17	14	16
31	4	17	20	23
32	3	17	20	21
33	3	17	20	22
34	3	20	17	18
35	21	18	17	19
36	3	20	17	19
37	12	20	23	24
38	23	21	20	23
39	21	21	20	22
40	23	22	20	23

Dihedrals

1	21	6	3	2	1
2	24	1	2	3	4
3	24	1	2	3	5
4	38	2	3	6	13
5	33	7	6	3	2
6	9	8	6	3	2
7	11	3	6	13	14
8	9	3	6	8	11
9	8	3	6	8	9
10	8	3	6	8	10
11	30	4	3	6	13
12	29	4	3	6	7
13	8	8	6	3	4
14	30	5	3	6	13
15	29	5	3	6	7
16	8	8	6	3	5
17	6	17	14	13	6
18	24	6	13	14	15
19	24	6	13	14	16
20	21	6	8	11	12
21	17	14	13	6	7
22	33	7	6	8	11
23	29	9	8	6	7
24	29	10	8	6	7
25	11	8	6	13	14
26	30	9	8	6	13
27	24	12	11	8	9
28	30	10	8	6	13
29	24	12	11	8	10
30	38	11	8	6	13
31	2	20	17	14	13
32	28	18	17	14	13
33	28	19	17	14	13
34	2	14	17	20	23
35	1	14	17	20	21
36	1	14	17	20	22
37	1	20	17	14	15
38	27	15	14	17	18
39	27	15	14	17	19
40	1	20	17	14	16
41	27	16	14	17	18
42	27	16	14	17	19
43	6	17	20	23	24
44	28	18	17	20	23
45	27	18	17	20	21
46	27	18	17	20	22
47	28	19	17	20	23
48	27	19	17	20	21
49	27	19	17	20	22
50	24	24	23	20	21
51	24	24	23	20	22

Impropers

1	9	6	3	4	2
2	9	6	3	5	2
3	15	4	3	5	2
4	8	6	3	4	5
5	21	3	6	13	7
6	19	8	6	3	13
7	18	8	6	3	7
8	21	8	6	13	7
9	25	6	8	11	9
10	25	6	8	11	10
11	8	6	8	9	10
12	15	9	8	10	11
13	5	17	14	15	13
14	5	17	14	16	13
15	15	15	14	16	13
16	4	17	14	15	16
17	1	14	17	20	18
18	1	14	17	20	19
19	4	14	17	18	19
20	4	20	17	18	19
21	6	17	20	23	21
22	6	17	20	23	22
23	4	17	20	21	22
24	15	21	20	22	23