delete edged atoms 
24 atoms
23 bonds
40 angles
48 dihedrals
24 impropers

Types

1	2
2	7
3	1
4	5
5	5
6	1
7	5
8	5
9	1
10	5
11	5
12	7
13	2
14	2
15	7
16	1
17	5
18	5
19	3
20	5
21	6
22	1
23	5
24	5

Charges

1	0.0800
2	-0.2660
3	0.0270
4	0.0530
5	0.0530
6	-0.1060
7	0.0530
8	0.0530
9	0.0270
10	0.0530
11	0.0530
12	-0.2660
13	0.0800
14	0.0800
15	-0.2660
16	0.0270
17	0.0530
18	0.0530
19	0.0800
20	0.0530
21	-0.2660
22	0.0270
23	0.0530
24	0.0530

Coords

1	1.3650475944	18.4236907409	10.9889394352
2	0.0504027573	18.1669871990	11.4445218171
3	-0.3847775437	17.0855411968	12.3342556505
4	0.3005891298	16.2122596691	12.2693826337
5	-1.2807455225	16.7271799976	11.7549844863
6	-0.8481044115	17.3428769451	13.7641496015
7	-1.7210504950	16.7060485067	14.0048362537
8	-0.0475759009	17.0410615697	14.4665394368
9	-1.4147192342	18.7397329839	14.0235613429
10	-2.3482035537	18.8791821297	13.4552142882
11	-0.6982831192	19.4660588965	13.6588726307
12	-1.8087278642	19.1513249483	15.3902766897
13	-0.8619618561	19.5339123690	16.4531822717
14	14.2247760771	9.7387210305	22.8684235751
15	13.3233006987	8.6584967819	22.7984921887
16	13.9046866695	7.3826160073	22.4957199897
17	14.9234026905	7.2444813733	22.9460982208
18	13.8391718091	7.2496125903	21.3928834746
19	13.0396788420	6.3261612129	23.2121312444
20	12.5230292331	6.6964720541	24.1284669909
21	13.5844786222	5.0221603358	23.5382842768
22	12.4506684182	5.0908419476	22.6192884042
23	12.6776079125	4.5974771602	21.6627041384
24	11.5527984945	4.7228827414	23.1223412064

Bonds

1	9	1	2
2	6	3	2
3	1	3	6
4	4	3	4
5	4	3	5
6	1	6	9
7	4	6	7
8	4	6	8
9	6	9	12
10	4	9	10
11	4	9	11
12	9	13	12
13	9	14	15
14	6	16	15
15	3	16	19
16	4	16	17
17	4	16	18
18	11	19	21
19	10	19	20
20	3	22	19
21	5	22	21
22	4	22	23
23	4	22	24

Angles

1	12	3	2	1
2	4	6	3	2
3	23	4	3	2
4	23	5	3	2
5	1	3	6	9
6	3	3	6	7
7	3	3	6	8
8	3	6	3	4
9	21	4	3	5
10	3	6	3	5
11	4	6	9	12
12	3	6	9	10
13	3	6	9	11
14	3	9	6	7
15	21	7	6	8
16	3	9	6	8
17	12	9	12	13
18	23	10	9	12
19	21	10	9	11
20	23	11	9	12
21	12	16	15	14
22	20	19	16	15
23	23	17	16	15
24	23	18	16	15
25	10	16	19	21
26	9	16	19	20
27	8	16	19	22
28	18	19	16	17
29	21	17	16	18
30	18	19	16	18
31	11	22	21	19
32	19	19	22	21
33	18	19	22	23
34	18	19	22	24
35	26	20	19	21
36	9	22	19	20
37	10	22	19	21
38	22	23	22	21
39	22	24	22	21
40	21	23	22	24

Dihedrals

1	6	6	3	2	1
2	24	1	2	3	4
3	24	1	2	3	5
4	2	9	6	3	2
5	28	7	6	3	2
6	28	8	6	3	2
7	2	3	6	9	12
8	1	3	6	9	10
9	1	3	6	9	11
10	1	9	6	3	4
11	27	4	3	6	7
12	27	4	3	6	8
13	1	9	6	3	5
14	27	5	3	6	7
15	27	5	3	6	8
16	6	6	9	12	13
17	28	7	6	9	12
18	27	7	6	9	10
19	27	7	6	9	11
20	28	8	6	9	12
21	27	8	6	9	10
22	27	8	6	9	11
23	24	13	12	9	10
24	24	13	12	9	11
25	23	14	15	16	19
26	24	14	15	16	17
27	24	14	15	16	18
28	37	21	19	16	15
29	36	20	19	16	15
30	14	22	19	16	15
31	15	16	19	21	22
32	13	16	19	22	21
33	12	16	19	22	23
34	12	16	19	22	24
35	32	17	16	19	21
36	31	17	16	19	20
37	12	22	19	16	17
38	32	18	16	19	21
39	31	18	16	19	20
40	12	22	19	16	18
41	25	19	21	22	23
42	25	19	21	22	24
43	16	22	21	19	20
44	35	20	19	22	21
45	31	23	22	19	20
46	31	24	22	19	20
47	32	23	22	19	21
48	32	24	22	19	21

Impropers

1	5	6	3	4	2
2	5	6	3	5	2
3	15	4	3	5	2
4	4	6	3	4	5
5	1	3	6	9	7
6	1	3	6	9	8
7	4	3	6	7	8
8	4	9	6	7	8
9	6	6	9	12	10
10	6	6	9	12	11
11	4	6	9	10	11
12	15	10	9	11	12
13	13	19	16	17	15
14	13	19	16	18	15
15	15	17	16	18	15
16	11	19	16	17	18
17	24	16	19	21	20
18	23	22	19	16	21
19	22	22	19	16	20
20	24	22	19	21	20
21	12	19	22	23	21
22	12	19	22	24	21
23	14	23	22	24	21
24	11	19	22	23	24