delete edged atoms 
37 atoms
42 bonds
87 angles
152 dihedrals
53 impropers

Types

1	2
2	7
3	2
4	5
5	1
6	5
7	5
8	2
9	5
10	2
11	5
12	3
13	5
14	6
15	3
16	1
17	2
18	5
19	2
20	5
21	1
22	5
23	5
24	2
25	5
26	1
27	5
28	5
29	2
30	5
31	2
32	2
33	2
34	5
35	2
36	5
37	6

Charges

1	0.0800
2	-0.2660
3	0.0800
4	0.0530
5	-0.1060
6	0.0530
7	0.0530
8	-0.0530
9	0.0530
10	-0.0530
11	0.0530
12	0.0800
13	0.0530
14	-0.2660
15	0.0800
16	-0.1060
17	-0.0530
18	0.0530
19	-0.0530
20	0.0530
21	-0.1060
22	0.0530
23	0.0530
24	-0.0530
25	0.0530
26	-0.1060
27	0.0530
28	0.0530
29	-0.0530
30	0.0530
31	-0.0530
32	-0.0530
33	0.0800
34	0.0530
35	0.0800
36	0.0530
37	-0.2660

Coords

1	57.9018623706	27.2039877356	64.8919478894
2	58.0885952824	25.9908183887	65.6217189561
3	59.4407870829	25.5829565218	65.7496502974
4	59.7771451410	25.6019389779	64.7208268466
5	59.3823339340	24.1183628017	66.2367874490
6	59.3577894377	23.3692155251	65.4747432674
7	58.3832064188	24.0324141806	66.7380783082
8	60.5955944158	23.9605981849	67.1798701978
9	60.6421772642	23.0759761234	67.7673232059
10	61.8417903875	24.1950436051	66.2852320687
11	61.6488700788	23.6694431521	65.3262375596
12	63.2227356072	23.6754116614	66.8804475542
13	63.3519117896	22.7262738235	67.3668925436
14	64.3225753550	24.0511523237	66.0364761482
15	64.0900746786	24.8717817509	67.1537512425
16	63.2511610101	26.1347822806	66.8241744751
17	61.9225743964	25.7865611200	66.0870273581
18	62.0740143444	26.0536127868	65.0451386996
19	60.5125730873	26.1747400198	66.7089712787
20	60.6401913055	27.2860223661	67.0011845885
21	60.5014829643	25.2620592084	68.0149133240
22	59.5881094317	25.2557139291	68.5509824208
23	61.2727981707	25.5280936780	68.7098232660
24	31.0442843709	18.9272429393	68.8873345361
25	32.0247496434	18.8340129751	69.4204172232
26	30.9872551706	19.5455601830	67.5033217688
27	31.4034808432	19.0318056639	66.6858490841
28	31.4722295627	20.5180710127	67.4358105797
29	29.4246009125	19.5153858494	67.4101360341
30	29.0985473679	19.9707936130	66.4766964947
31	29.0751098467	18.0296228147	67.6446899399
32	30.2697884022	17.5947248446	68.6469718780
33	29.0372828902	20.3711986539	68.7135994896
34	28.6779906960	21.3876547741	68.5683906865
35	30.1037939120	20.0191234729	69.6426091332
36	30.6264775969	20.6078296579	70.4491434497
37	28.7350724471	19.5350034137	69.7969799874

Bonds

1	9	1	2
2	9	3	2
3	2	5	3
4	5	3	19
5	7	3	4
6	2	5	8
7	4	5	6
8	4	5	7
9	5	8	10
10	2	21	8
11	7	8	9
12	6	10	12
13	5	10	17
14	7	10	11
15	13	12	14
16	11	12	15
17	12	12	13
18	13	15	14
19	3	16	15
20	2	16	17
21	5	17	19
22	7	17	18
23	2	21	19
24	7	19	20
25	4	21	22
26	4	21	23
27	2	26	24
28	5	24	35
29	5	24	32
30	7	24	25
31	2	26	29
32	4	26	27
33	4	26	28
34	5	29	33
35	5	29	31
36	7	29	30
37	5	31	32
38	5	33	35
39	8	33	37
40	7	33	34
41	8	35	37
42	7	35	36

Angles

1	24	1	2	3
2	7	5	3	2
3	18	19	3	2
4	33	4	3	2
5	11	3	5	8
6	13	3	5	6
7	13	3	5	7
8	14	3	19	17
9	4	21	19	3
10	16	3	19	20
11	5	5	3	4
12	16	19	3	4
13	4	5	3	19
14	4	5	8	10
15	3	5	8	21
16	5	5	8	9
17	13	8	5	6
18	31	6	5	7
19	13	8	5	7
20	15	8	10	12
21	14	8	10	17
22	16	8	10	11
23	11	8	21	19
24	13	8	21	22
25	13	8	21	23
26	16	10	8	9
27	5	21	8	9
28	4	21	8	10
29	22	10	12	14
30	20	10	12	15
31	21	10	12	13
32	4	16	17	10
33	14	10	17	19
34	16	10	17	18
35	27	12	10	11
36	16	17	10	11
37	15	17	10	12
38	30	12	14	15
39	29	12	15	14
40	8	16	15	12
41	35	13	12	14
42	28	15	12	13
43	29	15	12	14
44	10	16	15	14
45	12	17	16	15
46	4	16	17	19
47	5	16	17	18
48	4	21	19	17
49	16	17	19	20
50	16	19	17	18
51	13	19	21	22
52	13	19	21	23
53	5	21	19	20
54	31	22	21	23
55	11	24	26	29
56	13	24	26	27
57	13	24	26	28
58	14	24	35	33
59	17	24	35	37
60	16	24	35	36
61	14	24	32	31
62	5	26	24	25
63	16	35	24	25
64	16	32	24	25
65	4	26	24	35
66	4	26	24	32
67	4	26	29	33
68	4	26	29	31
69	5	26	29	30
70	13	29	26	27
71	31	27	26	28
72	13	29	26	28
73	14	29	33	35
74	17	29	33	37
75	16	29	33	34
76	14	29	31	32
77	16	33	29	30
78	16	31	29	30
79	14	31	29	33
80	14	32	24	35
81	17	33	35	37
82	16	33	35	36
83	23	33	37	35
84	16	35	33	34
85	32	34	33	37
86	17	35	33	37
87	32	36	35	37

Dihedrals

1	14	5	3	2	1
2	40	19	3	2	1
3	46	1	2	3	4
4	24	8	5	3	2
5	56	6	5	3	2
6	56	7	5	3	2
7	34	17	19	3	2
8	11	21	19	3	2
9	61	20	19	3	2
10	21	3	5	8	10
11	4	21	8	5	3
12	22	3	5	8	9
13	7	16	17	19	3
14	30	3	19	17	10
15	32	3	19	17	18
16	21	8	21	19	3
17	29	3	19	21	22
18	29	3	19	21	23
19	22	8	5	3	4
20	54	6	5	3	4
21	54	7	5	3	4
22	32	17	19	3	4
23	9	21	19	3	4
24	59	4	3	19	20
25	7	5	3	19	17
26	6	5	3	19	21
27	9	5	3	19	20
28	8	5	8	10	12
29	7	5	8	10	17
30	9	5	8	10	11
31	4	5	8	21	19
32	5	5	8	21	22
33	5	5	8	21	23
34	29	19	3	5	6
35	29	10	8	5	6
36	5	21	8	5	6
37	54	6	5	8	9
38	29	19	3	5	7
39	29	10	8	5	7
40	5	21	8	5	7
41	54	7	5	8	9
42	21	8	5	3	19
43	38	8	10	12	14
44	36	8	10	12	15
45	37	8	10	12	13
46	7	16	17	10	8
47	30	8	10	17	19
48	32	8	10	17	18
49	21	8	21	19	17
50	22	8	21	19	20
51	48	12	10	8	9
52	32	17	10	8	9
53	59	9	8	10	11
54	22	19	21	8	9
55	54	22	21	8	9
56	54	23	21	8	9
57	21	19	21	8	10
58	29	10	8	21	22
59	29	10	8	21	23
60	44	10	12	14	15
61	43	10	12	15	14
62	15	16	15	12	10
63	28	10	17	16	15
64	7	21	19	17	10
65	32	10	17	19	20
66	9	21	8	10	11
67	64	11	10	12	14
68	50	15	12	10	11
69	63	11	10	12	13
70	9	16	17	10	11
71	32	19	17	10	11
72	59	11	10	17	18
73	8	21	8	10	12
74	8	16	17	10	12
75	31	19	17	10	12
76	48	12	10	17	18
77	18	16	15	14	12
78	25	17	16	15	12
79	37	17	10	12	13
80	51	15	14	12	13
81	66	13	12	15	14
82	16	16	15	12	13
83	38	17	10	12	14
84	17	16	15	12	14
85	27	17	16	15	14
86	28	19	17	16	15
87	47	15	16	17	18
88	36	17	10	12	15
89	6	16	17	19	21
90	9	16	17	19	20
91	29	17	19	21	22
92	29	17	19	21	23
93	7	21	8	10	17
94	9	21	19	17	18
95	59	18	17	19	20
96	54	22	21	19	20
97	54	23	21	19	20
98	21	24	26	29	33
99	21	24	26	29	31
100	22	24	26	29	30
101	30	24	35	33	29
102	33	24	35	33	37
103	32	24	35	33	34
104	39	24	35	37	33
105	30	24	32	31	29
106	22	29	26	24	25
107	54	27	26	24	25
108	54	28	26	24	25
109	32	33	35	24	25
110	60	25	24	35	37
111	59	25	24	35	36
112	32	31	32	24	25
113	7	26	24	35	33
114	10	26	24	35	37
115	9	26	24	35	36
116	7	26	24	32	31
117	7	26	29	33	35
118	10	26	29	33	37
119	9	26	29	33	34
120	7	26	29	31	32
121	29	35	24	26	27
122	29	32	24	26	27
123	29	33	29	26	27
124	29	31	29	26	27
125	54	27	26	29	30
126	29	35	24	26	28
127	29	32	24	26	28
128	29	33	29	26	28
129	29	31	29	26	28
130	54	28	26	29	30
131	21	29	26	24	35
132	21	29	26	24	32
133	33	29	33	35	37
134	32	29	33	35	36
135	39	29	33	37	35
136	32	35	33	29	30
137	60	30	29	33	37
138	59	30	29	33	34
139	32	32	31	29	30
140	30	31	29	33	35
141	33	31	29	33	37
142	32	31	29	33	34
143	30	31	32	24	35
144	30	32	31	29	33
145	30	32	24	35	33
146	33	32	24	35	37
147	32	32	24	35	36
148	45	33	37	35	36
149	60	34	33	35	37
150	59	34	33	35	36
151	45	35	37	33	34
152	60	36	35	33	37

Impropers

1	13	5	3	19	2
2	16	5	3	4	2
3	30	19	3	4	2
4	11	5	3	19	4
5	4	3	5	8	6
6	4	3	5	8	7
7	6	3	5	6	7
8	6	8	5	6	7
9	8	21	8	5	10
10	11	5	8	10	9
11	9	5	8	21	9
12	14	21	8	9	10
13	22	17	10	8	12
14	27	8	10	12	11
15	23	8	10	17	11
16	28	17	10	11	12
17	42	10	12	14	15
18	43	10	12	14	13
19	40	10	12	15	13
20	44	15	12	13	14
21	35	16	15	12	14
22	10	16	17	19	10
23	11	16	17	19	18
24	11	16	17	10	18
25	23	19	17	10	18
26	10	21	19	3	17
27	14	21	19	20	17
28	23	17	19	3	20
29	11	21	19	3	20
30	4	19	21	8	22
31	4	19	21	8	23
32	6	19	21	22	23
33	6	8	21	22	23
34	10	26	24	35	32
35	11	26	24	35	25
36	11	26	24	32	25
37	23	35	24	32	25
38	4	24	26	29	27
39	4	24	26	29	28
40	6	24	26	27	28
41	6	29	26	27	28
42	10	26	29	33	31
43	11	26	29	33	30
44	11	26	29	31	30
45	23	33	29	31	30
46	24	29	33	35	37
47	23	29	33	35	34
48	32	29	33	37	34
49	32	35	33	37	34
50	24	24	35	33	37
51	32	33	35	37	36
52	23	33	35	24	36
53	29	24	35	36	37