delete edged atoms 
37 atoms
42 bonds
87 angles
155 dihedrals
53 impropers

Types

1	2
2	7
3	2
4	5
5	2
6	5
7	7
8	2
9	5
10	1
11	5
12	5
13	2
14	5
15	1
16	5
17	5
18	2
19	5
20	2
21	2
22	2
23	5
24	2
25	5
26	2
27	5
28	6
29	2
30	1
31	2
32	5
33	2
34	5
35	1
36	5
37	5

Charges

1	0.0800
2	-0.2660
3	0.0800
4	0.0530
5	0.0800
6	0.0530
7	-0.2660
8	0.0800
9	0.0530
10	-0.1060
11	0.0530
12	0.0530
13	-0.0530
14	0.0530
15	-0.1060
16	0.0530
17	0.0530
18	-0.0530
19	0.0530
20	-0.0530
21	-0.0530
22	-0.0530
23	0.0530
24	-0.0530
25	0.0530
26	0.0800
27	0.0530
28	-0.2660
29	0.0800
30	-0.1060
31	-0.0530
32	0.0530
33	-0.0530
34	0.0530
35	-0.1060
36	0.0530
37	0.0530

Coords

1	11.5376952299	25.1289867237	1.9644451040
2	12.4020641426	24.0391880531	2.0474033731
3	13.7975523618	23.9209182115	1.5530056329
4	13.6056691224	23.2285929072	0.7203011611
5	14.5754920867	25.1448614052	1.1918770992
6	14.2412355022	26.1117391965	1.6158966198
7	15.0022798411	25.5025995233	-0.2359975807
8	15.4555549077	24.6734061494	-1.4072705617
9	16.1880974101	23.8585963671	-1.0931469999
10	16.1596293160	25.5171404123	-2.4792320199
11	17.2170042771	25.2534827817	-2.6080973379
12	16.1446544978	26.5373783868	-2.0551041124
13	15.1887058039	25.3219836369	-3.6906315970
14	15.5540226629	25.6632289658	-4.6792641098
15	15.0124341313	23.7899284928	-3.5661949183
16	15.9166715494	23.1742512372	-3.6968198247
17	14.3689174088	23.3397534595	-4.3337554546
18	14.3511946850	23.9326420888	-2.1734772414
19	14.1161484027	22.9589313232	-1.6146626308
20	13.1570033699	24.8746488130	-2.5714240483
21	13.8432741626	26.0451143455	-3.3009908186
22	15.6605737347	24.6168755638	2.0623386866
23	16.5482530674	25.2863016072	2.1965496985
24	14.9489625089	24.5512721975	3.5716940715
25	14.2099235520	25.3956114251	3.7004188406
26	15.9416412336	24.7086670917	4.7487383765
27	16.2421917760	25.7178922575	4.9687621336
28	17.0204011913	23.7551687029	4.7688023072
29	15.8451447867	23.6078602391	5.6218394497
30	14.7704749295	22.5600135874	5.1277940733
31	14.1283295783	23.1292785297	3.7886297476
32	13.0696538131	23.2338212553	3.9044900374
33	14.9483171179	23.1231858976	2.6523971180
34	14.8725262277	21.9748319403	2.5802427544
35	15.8288318260	23.1076715118	1.4253510708
36	15.4975848963	22.8909815618	0.3739798142
37	16.8081762839	22.5439690090	1.5950197776

Bonds

1	9	1	2
2	9	3	2
3	5	3	5
4	5	3	33
5	7	3	4
6	5	5	22
7	9	5	7
8	7	5	6
9	9	8	7
10	2	10	8
11	5	8	18
12	7	8	9
13	2	10	13
14	4	10	11
15	4	10	12
16	2	15	13
17	5	13	21
18	7	13	14
19	2	15	18
20	4	15	16
21	4	15	17
22	5	18	20
23	7	18	19
24	5	20	21
25	5	22	24
26	2	35	22
27	7	22	23
28	5	24	26
29	5	24	31
30	7	24	25
31	8	26	28
32	5	26	29
33	7	26	27
34	8	29	28
35	2	30	29
36	2	30	31
37	5	31	33
38	7	31	32
39	2	35	33
40	7	33	34
41	4	35	36
42	4	35	37

Angles

1	24	1	2	3
2	18	5	3	2
3	18	33	3	2
4	33	4	3	2
5	14	3	5	22
6	18	3	5	7
7	16	3	5	6
8	14	3	33	31
9	4	35	33	3
10	16	3	33	34
11	16	5	3	4
12	16	33	3	4
13	14	5	3	33
14	14	5	22	24
15	4	35	22	5
16	16	5	22	23
17	24	5	7	8
18	16	22	5	6
19	33	6	5	7
20	18	22	5	7
21	7	10	8	7
22	18	18	8	7
23	33	9	8	7
24	11	8	10	13
25	13	8	10	11
26	13	8	10	12
27	4	15	18	8
28	14	8	18	20
29	16	8	18	19
30	5	10	8	9
31	16	18	8	9
32	4	10	8	18
33	3	10	13	15
34	4	10	13	21
35	5	10	13	14
36	13	13	10	11
37	31	11	10	12
38	13	13	10	12
39	11	13	15	18
40	13	13	15	16
41	13	13	15	17
42	14	13	21	20
43	5	15	13	14
44	16	21	13	14
45	4	15	13	21
46	4	15	18	20
47	5	15	18	19
48	13	18	15	16
49	31	16	15	17
50	13	18	15	17
51	14	18	20	21
52	16	20	18	19
53	14	22	24	26
54	14	22	24	31
55	16	22	24	25
56	11	22	35	33
57	13	22	35	36
58	13	22	35	37
59	16	24	22	23
60	5	35	22	23
61	4	35	22	24
62	17	24	26	28
63	14	24	26	29
64	16	24	26	27
65	4	30	31	24
66	14	24	31	33
67	16	24	31	32
68	16	26	24	25
69	16	31	24	25
70	14	26	24	31
71	23	26	28	29
72	17	26	29	28
73	4	30	29	26
74	32	27	26	28
75	16	29	26	27
76	17	29	26	28
77	6	30	29	28
78	11	29	30	31
79	4	30	31	33
80	5	30	31	32
81	4	35	33	31
82	16	31	33	34
83	16	33	31	32
84	13	33	35	36
85	13	33	35	37
86	5	35	33	34
87	31	36	35	37

Dihedrals

1	40	5	3	2	1
2	40	33	3	2	1
3	46	1	2	3	4
4	34	22	5	3	2
5	67	2	3	5	7
6	61	6	5	3	2
7	34	31	33	3	2
8	11	35	33	3	2
9	61	34	33	3	2
10	30	3	5	22	24
11	7	35	22	5	3
12	32	3	5	22	23
13	40	3	5	7	8
14	7	30	31	33	3
15	30	3	33	31	24
16	32	3	33	31	32
17	21	22	35	33	3
18	29	3	33	35	36
19	29	3	33	35	37
20	32	22	5	3	4
21	61	4	3	5	7
22	59	4	3	5	6
23	32	31	33	3	4
24	9	35	33	3	4
25	59	4	3	33	34
26	30	5	3	33	31
27	7	35	33	3	5
28	32	5	3	33	34
29	30	5	22	24	26
30	30	5	22	24	31
31	32	5	22	24	25
32	21	33	35	22	5
33	29	5	22	35	36
34	29	5	22	35	37
35	14	10	8	7	5
36	40	18	8	7	5
37	46	5	7	8	9
38	32	33	3	5	6
39	32	24	22	5	6
40	9	35	22	5	6
41	59	6	5	22	23
42	46	8	7	5	6
43	34	33	3	5	7
44	34	24	22	5	7
45	11	35	22	5	7
46	61	23	22	5	7
47	24	13	10	8	7
48	56	11	10	8	7
49	56	12	10	8	7
50	11	15	18	8	7
51	34	20	18	8	7
52	61	19	18	8	7
53	40	22	5	7	8
54	4	15	13	10	8
55	21	8	10	13	21
56	22	8	10	13	14
57	21	13	15	18	8
58	29	8	18	15	16
59	29	8	18	15	17
60	30	8	18	20	21
61	22	13	10	8	9
62	54	11	10	8	9
63	54	12	10	8	9
64	9	15	18	8	9
65	32	20	18	8	9
66	59	9	8	18	19
67	6	10	8	18	15
68	7	10	8	18	20
69	9	10	8	18	19
70	4	10	13	15	18
71	5	10	13	15	16
72	5	10	13	15	17
73	7	10	13	21	20
74	29	18	8	10	11
75	5	15	13	10	11
76	29	21	13	10	11
77	54	11	10	13	14
78	29	18	8	10	12
79	5	15	13	10	12
80	29	21	13	10	12
81	54	12	10	13	14
82	21	13	10	8	18
83	21	13	15	18	20
84	22	13	15	18	19
85	30	13	21	20	18
86	22	18	15	13	14
87	54	16	15	13	14
88	54	17	15	13	14
89	32	20	21	13	14
90	7	15	13	21	20
91	7	15	18	20	21
92	29	21	13	15	16
93	29	20	18	15	16
94	54	16	15	18	19
95	29	21	13	15	17
96	29	20	18	15	17
97	54	17	15	18	19
98	21	18	15	13	21
99	32	21	20	18	19
100	30	22	5	3	33
101	33	22	24	26	28
102	30	22	24	26	29
103	32	22	24	26	27
104	7	30	31	24	22
105	30	22	24	31	33
106	32	22	24	31	32
107	21	22	35	33	31
108	22	22	35	33	34
109	32	26	24	22	23
110	32	31	24	22	23
111	59	23	22	24	25
112	22	33	35	22	23
113	54	36	35	22	23
114	54	37	35	22	23
115	21	33	35	22	24
116	29	24	22	35	36
117	29	24	22	35	37
118	39	24	26	28	29
119	33	24	26	29	28
120	7	30	29	26	24
121	21	29	30	31	24
122	7	35	33	31	24
123	32	24	31	33	34
124	9	35	22	24	25
125	60	25	24	26	28
126	32	29	26	24	25
127	59	25	24	26	27
128	9	30	31	24	25
129	32	33	31	24	25
130	59	25	24	31	32
131	7	35	22	24	26
132	7	30	31	24	26
133	30	26	24	31	33
134	32	26	24	31	32
135	13	30	29	28	26
136	21	31	30	29	26
137	32	31	24	26	27
138	45	29	28	26	27
139	60	27	26	29	28
140	9	30	29	26	27
141	33	31	24	26	28
142	10	30	29	26	28
143	23	31	30	29	28
144	21	29	30	31	33
145	22	29	30	31	32
146	30	29	26	24	31
147	6	30	31	33	35
148	9	30	31	33	34
149	29	31	33	35	36
150	29	31	33	35	37
151	7	35	22	24	31
152	9	35	33	31	32
153	59	32	31	33	34
154	54	36	35	33	34
155	54	37	35	33	34

Impropers

1	25	5	3	33	2
2	30	5	3	4	2
3	30	33	3	4	2
4	23	5	3	33	4
5	25	3	5	22	7
6	23	3	5	22	6
7	33	3	5	7	6
8	33	22	5	7	6
9	13	10	8	18	7
10	16	10	8	9	7
11	30	18	8	9	7
12	11	10	8	18	9
13	4	8	10	13	11
14	4	8	10	13	12
15	6	8	10	11	12
16	6	13	10	11	12
17	8	10	13	15	21
18	9	10	13	15	14
19	11	10	13	21	14
20	11	15	13	21	14
21	4	13	15	18	16
22	4	13	15	18	17
23	6	13	15	16	17
24	6	18	15	16	17
25	10	15	18	20	8
26	11	15	18	20	19
27	11	15	18	8	19
28	23	20	18	8	19
29	10	35	22	5	24
30	23	5	22	24	23
31	14	35	22	23	5
32	14	35	22	23	24
33	21	22	24	26	31
34	23	22	24	26	25
35	23	22	24	31	25
36	23	26	24	31	25
37	24	29	26	24	28
38	32	24	26	28	27
39	23	24	26	29	27
40	29	29	26	27	28
41	12	30	29	26	28
42	10	30	31	33	24
43	11	30	31	33	32
44	11	30	31	24	32
45	23	33	31	24	32
46	10	35	33	3	31
47	14	35	33	34	31
48	23	31	33	3	34
49	11	35	33	3	34
50	4	33	35	22	36
51	4	33	35	22	37
52	6	33	35	36	37
53	6	22	35	36	37