Mody lammps parameter 2023-03-10 23:04:43.482194
74 atoms
85 bonds
186 angles
348 dihedrals
120 impropers

Types

1 8
2 4
3 2
4 5
5 2
6 5
7 7
8 2
9 5
10 2
11 5
12 7
13 2
14 5
15 1
16 5
17 5
18 2
19 5
20 1
21 5
22 5
23 2
24 5
25 2
26 5
27 1
28 5
29 5
30 2
31 5
32 6
33 2
34 5
35 2
36 5
37 2
38 5
39 2
40 5
41 2
42 5
43 6
44 2
45 5
46 1
47 5
48 5
49 2
50 5
51 2
52 5
53 1
54 5
55 5
56 1
57 5
58 5
59 2
60 5
61 2
62 5
63 1
64 5
65 5
66 2
67 5
68 2
69 5
70 2
71 5
72 6
73 2
74 5

Charges

1 -0.5571
2 0.4241
3 0.0800
4 0.0530
5 0.0800
6 0.0530
7 -0.2660
8 0.0800
9 0.0530
10 0.0800
11 0.0530
12 -0.2660
13 0.0800
14 0.0530
15 -0.1060
16 0.0530
17 0.0530
18 -0.0530
19 0.0530
20 -0.1060
21 0.0530
22 0.0530
23 -0.0530
24 0.0530
25 -0.0530
26 0.0530
27 -0.1060
28 0.0530
29 0.0530
30 0.0800
31 0.0530
32 -0.2660
33 0.0800
34 0.0530
35 -0.0530
36 0.0530
37 -0.0530
38 0.0530
39 -0.0530
40 0.0530
41 0.0800
42 0.0530
43 -0.2660
44 0.0800
45 0.0530
46 -0.1060
47 0.0530
48 0.0530
49 -0.0530
50 0.0530
51 -0.0530
52 0.0530
53 -0.1060
54 0.0530
55 0.0530
56 -0.1060
57 0.0530
58 0.0530
59 -0.0530
60 0.0530
61 -0.0530
62 0.0530
63 -0.1060
64 0.0530
65 0.0530
66 -0.0530
67 0.0530
68 0.0800
69 0.0530
70 0.0800
71 0.0530
72 -0.2660
73 -0.0530
74 0.0530

Coords

1 10.5307874666 23.6912060294 0.0942506486
2 9.6825117640 23.3635957126 -0.3078897348
3 10.2820128753 24.4451054765 1.3345848169
4 9.9496307610 23.5956560971 1.9738171610
5 11.5376952299 25.1289867237 1.9644451040
6 11.9600983974 25.9192570722 1.3960339267
7 12.4020641426 24.0391880531 2.0474033731
8 13.7975523618 23.9209182115 1.5530056329
9 13.6056691224 23.2285929072 0.7203011611
10 14.5754920867 25.1448614052 1.1918770992
11 14.2412355022 26.1117391965 1.6158966198
12 15.0022798411 25.5025995233 -0.2359975807
13 15.4555549077 24.6734061494 -1.4072705617
14 16.1880974101 23.8585963671 -1.0931469999
15 16.1596293160 25.5171404123 -2.4792320199
16 17.2170042771 25.2534827817 -2.6080973379
17 16.1446544978 26.5373783868 -2.0551041124
18 15.1887058039 25.3219836369 -3.6906315970
19 15.5540226629 25.6632289658 -4.6792641098
20 15.0124341313 23.7899284928 -3.5661949183
21 15.9166715494 23.1742512372 -3.6968198247
22 14.3689174088 23.3397534595 -4.3337554546
23 14.3511946850 23.9326420888 -2.1734772414
24 14.1161484027 22.9589313232 -1.6146626308
25 13.1570033699 24.8746488130 -2.5714240483
26 12.5991558927 24.2592219876 -3.3571491196
27 12.1268840174 25.6529299102 -1.7319860224
28 12.6079298769 26.2583075638 -0.9141951525
29 11.3724346087 25.1180036693 -1.2467413590
30 11.6181072162 26.5747282749 -2.8583586918
31 10.5269337576 26.5365998971 -2.9366785363
32 12.2744422311 27.8567707032 -2.9836014753
33 12.6636173869 26.8065329174 -3.9123950572
34 12.4603612135 27.0513334874 -5.0214278008
35 13.8432741626 26.0451143455 -3.3009908186
36 14.1932208181 26.7438277984 -2.5336797082
37 15.6605737347 24.6168755638 2.0623386866
38 16.5482530674 25.2863016072 2.1965496985
39 14.9489625089 24.5512721975 3.5716940715
40 14.2099235520 25.3956114251 3.7004188406
41 15.9416412336 24.7086670917 4.7487383765
42 16.2421917760 25.7178922575 4.9687621336
43 17.0204011913 23.7551687029 4.7688023072
44 15.8451447867 23.6078602391 5.6218394497
45 16.0508830265 23.5864748082 6.8019281082
46 14.7704749295 22.5600135874 5.1277940733
47 15.1518863247 21.5014557055 5.0089332719
48 14.0032824800 22.5242172945 5.9213913180
49 14.1283295783 23.1292785297 3.7886297476
50 13.0696538131 23.2338212553 3.9044900374
51 14.9483171179 23.1231858976 2.6523971180
52 14.8725262277 21.9748319403 2.5802427544
53 15.8288318260 23.1076715118 1.4253510708
54 15.4975848963 22.8909815618 0.3739798142
55 16.8081762839 22.5439690090 1.5950197776
56 10.7555229303 25.8734231735 3.2123044303
57 11.2963609756 26.7049609038 3.8041334296
58 10.6286604485 25.0827237250 4.0070871154
59 9.3584295140 26.2930514932 2.5918803155
60 8.4761078346 26.0633569666 3.2617536629
61 9.0546404798 27.7697852796 2.1103137241
62 9.2154440353 28.6334280065 2.7914731628
63 9.9794004680 27.8702055252 0.8940962716
64 9.7956099953 28.8257907876 0.3156509952
65 11.0002460100 27.8035530385 1.1918534577
66 9.2409592525 26.6260486663 0.1297322164
67 9.7500316956 26.2404832659 -0.7234474591
68 7.7075453996 27.1253104687 0.0396938719
69 7.0073388089 26.4754389316 -0.4341932355
70 7.5969396294 27.7207817085 1.3371796561
71 6.7459073682 27.5328593151 1.9188718871
72 7.5016122473 28.5038528408 0.1860728169
73 9.1727921496 25.4944703538 1.2708250241
74 8.2397478592 24.9209451317 1.2189570344

Bonds

1 10 3 1
2 14 2 1
3 5 3 5
4 5 3 73
5 7 3 4
6 2 56 5
7 9 5 7
8 7 5 6
9 9 8 7
10 5 8 10
11 5 8 51
12 7 8 9
13 5 10 37
14 9 10 12
15 7 10 11
16 9 13 12
17 2 15 13
18 5 13 23
19 7 13 14
20 2 15 18
21 4 15 16
22 4 15 17
23 2 20 18
24 5 18 35
25 7 18 19
26 2 20 23
27 4 20 21
28 4 20 22
29 5 23 25
30 7 23 24
31 2 27 25
32 5 25 35
33 7 25 26
34 2 27 30
35 4 27 28
36 4 27 29
37 8 30 32
38 5 30 33
39 7 30 31
40 8 33 32
41 5 33 35
42 7 33 34
43 7 35 36
44 5 37 39
45 2 53 37
46 7 37 38
47 5 39 41
48 5 39 49
49 7 39 40
50 8 41 43
51 5 41 44
52 7 41 42
53 8 44 43
54 2 46 44
55 7 44 45
56 2 46 49
57 4 46 47
58 4 46 48
59 5 49 51
60 7 49 50
61 2 53 51
62 7 51 52
63 4 53 54
64 4 53 55
65 2 56 59
66 4 56 57
67 4 56 58
68 5 59 61
69 5 59 73
70 7 59 60
71 2 63 61
72 5 61 70
73 7 61 62
74 2 63 66
75 4 63 64
76 4 63 65
77 5 66 73
78 5 66 68
79 7 66 67
80 5 68 70
81 8 68 72
82 7 68 69
83 8 70 72
84 7 70 71
85 7 73 74

Angles

1 19 5 3 1
2 19 73 3 1
3 34 4 3 1
4 25 3 1 2
5 4 56 5 3
6 18 3 5 7
7 16 3 5 6
8 14 3 73 66
9 14 3 73 59
10 16 3 73 74
11 16 5 3 4
12 16 73 3 4
13 14 5 3 73
14 11 5 56 59
15 13 5 56 57
16 13 5 56 58
17 24 5 7 8
18 5 56 5 6
19 33 6 5 7
20 7 56 5 7
21 18 10 8 7
22 18 51 8 7
23 33 9 8 7
24 14 8 10 37
25 18 8 10 12
26 16 8 10 11
27 14 8 51 49
28 4 53 51 8
29 16 8 51 52
30 16 10 8 9
31 16 51 8 9
32 14 10 8 51
33 14 10 37 39
34 4 53 37 10
35 16 10 37 38
36 24 10 12 13
37 16 37 10 11
38 33 11 10 12
39 18 37 10 12
40 7 15 13 12
41 18 23 13 12
42 33 14 13 12
43 11 13 15 18
44 13 13 15 16
45 13 13 15 17
46 4 20 23 13
47 14 13 23 25
48 16 13 23 24
49 5 15 13 14
50 16 23 13 14
51 4 15 13 23
52 3 15 18 20
53 4 15 18 35
54 5 15 18 19
55 13 18 15 16
56 31 16 15 17
57 13 18 15 17
58 11 18 20 23
59 13 18 20 21
60 13 18 20 22
61 14 18 35 33
62 14 18 35 25
63 16 18 35 36
64 5 20 18 19
65 16 35 18 19
66 4 20 18 35
67 4 20 23 25
68 5 20 23 24
69 13 23 20 21
70 31 21 20 22
71 13 23 20 22
72 4 27 25 23
73 14 23 25 35
74 16 23 25 26
75 16 25 23 24
76 11 25 27 30
77 13 25 27 28
78 13 25 27 29
79 14 25 35 33
80 16 25 35 36
81 5 27 25 26
82 16 35 25 26
83 4 27 25 35
84 6 27 30 32
85 4 27 30 33
86 5 27 30 31
87 13 30 27 28
88 31 28 27 29
89 13 30 27 29
90 23 30 32 33
91 17 30 33 32
92 14 30 33 35
93 16 30 33 34
94 32 31 30 32
95 16 33 30 31
96 17 33 30 32
97 17 35 33 32
98 32 34 33 32
99 16 33 35 36
100 16 35 33 34
101 14 37 39 41
102 14 37 39 49
103 16 37 39 40
104 11 37 53 51
105 13 37 53 54
106 13 37 53 55
107 16 39 37 38
108 5 53 37 38
109 4 53 37 39
110 17 39 41 43
111 14 39 41 44
112 16 39 41 42
113 4 46 49 39
114 14 39 49 51
115 16 39 49 50
116 16 41 39 40
117 16 49 39 40
118 14 41 39 49
119 23 41 43 44
120 17 41 44 43
121 4 46 44 41
122 16 41 44 45
123 32 42 41 43
124 16 44 41 42
125 17 44 41 43
126 6 46 44 43
127 32 45 44 43
128 11 44 46 49
129 13 44 46 47
130 13 44 46 48
131 5 46 44 45
132 4 46 49 51
133 5 46 49 50
134 13 49 46 47
135 31 47 46 48
136 13 49 46 48
137 4 53 51 49
138 16 49 51 52
139 16 51 49 50
140 13 51 53 54
141 13 51 53 55
142 5 53 51 52
143 31 54 53 55
144 4 56 59 61
145 4 56 59 73
146 5 56 59 60
147 13 59 56 57
148 31 57 56 58
149 13 59 56 58
150 4 63 61 59
151 14 59 61 70
152 16 59 61 62
153 14 59 73 66
154 16 59 73 74
155 16 61 59 60
156 16 73 59 60
157 14 61 59 73
158 11 61 63 66
159 13 61 63 64
160 13 61 63 65
161 14 61 70 68
162 17 61 70 72
163 16 61 70 71
164 5 63 61 62
165 16 70 61 62
166 4 63 61 70
167 4 63 66 73
168 4 63 66 68
169 5 63 66 67
170 13 66 63 64
171 31 64 63 65
172 13 66 63 65
173 16 66 73 74
174 14 66 68 70
175 17 66 68 72
176 16 66 68 69
177 16 73 66 67
178 16 68 66 67
179 14 68 66 73
180 17 68 70 72
181 16 68 70 71
182 23 68 72 70
183 16 70 68 69
184 32 69 68 72
185 17 70 68 72
186 32 71 70 72

Dihedrals

1 12 56 5 3 1
2 68 7 5 3 1
3 62 6 5 3 1
4 35 66 73 3 1
5 35 59 73 3 1
6 62 74 73 3 1
7 41 5 3 1 2
8 41 73 3 1 2
9 52 2 1 3 4
10 21 59 56 5 3
11 29 3 5 56 57
12 29 3 5 56 58
13 40 3 5 7 8
14 7 63 66 73 3
15 30 3 73 66 68
16 32 3 73 66 67
17 7 56 59 73 3
18 30 3 73 59 61
19 32 3 73 59 60
20 9 56 5 3 4
21 61 4 3 5 7
22 59 4 3 5 6
23 32 66 73 3 4
24 32 59 73 3 4
25 59 4 3 73 74
26 30 5 3 73 66
27 30 5 3 73 59
28 32 5 3 73 74
29 21 5 56 59 61
30 21 5 56 59 73
31 22 5 56 59 60
32 40 10 8 7 5
33 40 51 8 7 5
34 46 5 7 8 9
35 32 73 3 5 6
36 22 59 56 5 6
37 54 57 56 5 6
38 54 58 56 5 6
39 46 8 7 5 6
40 34 73 3 5 7
41 24 59 56 5 7
42 56 57 56 5 7
43 56 58 56 5 7
44 34 37 10 8 7
45 67 7 8 10 12
46 61 11 10 8 7
47 34 49 51 8 7
48 11 53 51 8 7
49 61 52 51 8 7
50 14 56 5 7 8
51 30 8 10 37 39
52 7 53 37 10 8
53 32 8 10 37 38
54 40 8 10 12 13
55 7 46 49 51 8
56 30 8 51 49 39
57 32 8 51 49 50
58 21 37 53 51 8
59 29 8 51 53 54
60 29 8 51 53 55
61 32 37 10 8 9
62 61 9 8 10 12
63 59 9 8 10 11
64 32 49 51 8 9
65 9 53 51 8 9
66 59 9 8 51 52
67 30 10 8 51 49
68 7 53 51 8 10
69 32 10 8 51 52
70 30 10 37 39 41
71 30 10 37 39 49
72 32 10 37 39 40
73 21 51 53 37 10
74 29 10 37 53 54
75 29 10 37 53 55
76 14 15 13 12 10
77 40 23 13 12 10
78 46 10 12 13 14
79 32 51 8 10 11
80 32 39 37 10 11
81 9 53 37 10 11
82 59 11 10 37 38
83 46 13 12 10 11
84 34 51 8 10 12
85 34 39 37 10 12
86 11 53 37 10 12
87 61 38 37 10 12
88 24 18 15 13 12
89 56 16 15 13 12
90 56 17 15 13 12
91 11 20 23 13 12
92 34 25 23 13 12
93 61 24 23 13 12
94 40 37 10 12 13
95 4 20 18 15 13
96 21 13 15 18 35
97 22 13 15 18 19
98 21 18 20 23 13
99 29 13 23 20 21
100 29 13 23 20 22
101 7 27 25 23 13
102 30 13 23 25 35
103 32 13 23 25 26
104 22 18 15 13 14
105 54 16 15 13 14
106 54 17 15 13 14
107 9 20 23 13 14
108 32 25 23 13 14
109 59 14 13 23 24
110 6 15 13 23 20
111 7 15 13 23 25
112 9 15 13 23 24
113 4 15 18 20 23
114 5 15 18 20 21
115 5 15 18 20 22
116 7 15 18 35 33
117 7 15 18 35 25
118 9 15 18 35 36
119 29 23 13 15 16
120 5 20 18 15 16
121 29 35 18 15 16
122 54 16 15 18 19
123 29 23 13 15 17
124 5 20 18 15 17
125 29 35 18 15 17
126 54 17 15 18 19
127 21 18 15 13 23
128 21 18 20 23 25
129 22 18 20 23 24
130 33 18 35 33 32
131 30 18 35 33 30
132 32 18 35 33 34
133 30 18 35 25 23
134 7 27 25 35 18
135 32 18 35 25 26
136 22 23 20 18 19
137 54 21 20 18 19
138 54 22 20 18 19
139 32 33 35 18 19
140 32 25 35 18 19
141 59 19 18 35 36
142 7 20 18 35 33
143 7 20 18 35 25
144 9 20 18 35 36
145 6 20 23 25 27
146 7 20 23 25 35
147 9 20 23 25 26
148 29 35 18 20 21
149 29 25 23 20 21
150 54 21 20 23 24
151 29 35 18 20 22
152 29 25 23 20 22
153 54 22 20 23 24
154 21 23 20 18 35
155 21 30 27 25 23
156 29 23 25 27 28
157 29 23 25 27 29
158 30 23 25 35 33
159 32 23 25 35 36
160 9 27 25 23 24
161 32 35 25 23 24
162 59 24 23 25 26
163 23 25 27 30 32
164 21 25 27 30 33
165 22 25 27 30 31
166 33 25 35 33 32
167 30 25 35 33 30
168 32 25 35 33 34
169 22 30 27 25 26
170 54 28 27 25 26
171 54 29 27 25 26
172 32 33 35 25 26
173 59 26 25 35 36
174 7 27 25 35 33
175 9 27 25 35 36
176 13 27 30 32 33
177 10 27 30 33 32
178 7 27 30 33 35
179 9 27 30 33 34
180 29 35 25 27 28
181 55 28 27 30 32
182 29 33 30 27 28
183 54 28 27 30 31
184 29 35 25 27 29
185 55 29 27 30 32
186 29 33 30 27 29
187 54 29 27 30 31
188 21 30 27 25 35
189 39 35 33 32 30
190 45 30 32 33 34
191 32 30 33 35 36
192 45 33 32 30 31
193 60 31 30 33 32
194 32 35 33 30 31
195 59 31 30 33 34
196 33 35 33 30 32
197 60 34 33 30 32
198 60 36 35 33 32
199 59 34 33 35 36
200 30 37 10 8 51
201 33 37 39 41 43
202 30 37 39 41 44
203 32 37 39 41 42
204 7 46 49 39 37
205 30 37 39 49 51
206 32 37 39 49 50
207 21 37 53 51 49
208 22 37 53 51 52
209 32 41 39 37 38
210 32 49 39 37 38
211 59 38 37 39 40
212 22 51 53 37 38
213 54 54 53 37 38
214 54 55 53 37 38
215 21 51 53 37 39
216 29 39 37 53 54
217 29 39 37 53 55
218 39 39 41 43 44
219 33 39 41 44 43
220 7 46 44 41 39
221 32 39 41 44 45
222 21 44 46 49 39
223 29 39 49 46 47
224 29 39 49 46 48
225 7 53 51 49 39
226 32 39 49 51 52
227 9 53 37 39 40
228 60 40 39 41 43
229 32 44 41 39 40
230 59 40 39 41 42
231 9 46 49 39 40
232 32 51 49 39 40
233 59 40 39 49 50
234 7 53 37 39 41
235 7 46 49 39 41
236 30 41 39 49 51
237 32 41 39 49 50
238 13 46 44 43 41
239 45 41 43 44 45
240 21 49 46 44 41
241 29 41 44 46 47
242 29 41 44 46 48
243 32 49 39 41 42
244 45 44 43 41 42
245 60 42 41 44 43
246 9 46 44 41 42
247 59 42 41 44 45
248 33 49 39 41 43
249 10 46 44 41 43
250 60 45 44 41 43
251 23 49 46 44 43
252 55 47 46 44 43
253 55 48 46 44 43
254 21 44 46 49 51
255 22 44 46 49 50
256 30 44 41 39 49
257 22 49 46 44 45
258 54 47 46 44 45
259 54 48 46 44 45
260 6 46 49 51 53
261 9 46 49 51 52
262 29 51 49 46 47
263 54 47 46 49 50
264 29 51 49 46 48
265 54 48 46 49 50
266 29 49 51 53 54
267 29 49 51 53 55
268 7 53 37 39 49
269 9 53 51 49 50
270 59 50 49 51 52
271 54 54 53 51 52
272 54 55 53 51 52
273 7 56 5 3 73
274 6 56 59 61 63
275 7 56 59 61 70
276 9 56 59 61 62
277 7 56 59 73 66
278 9 56 59 73 74
279 29 61 59 56 57
280 29 73 59 56 57
281 54 57 56 59 60
282 29 61 59 56 58
283 29 73 59 56 58
284 54 58 56 59 60
285 21 66 63 61 59
286 29 59 61 63 64
287 29 59 61 63 65
288 30 59 61 70 68
289 33 59 61 70 72
290 32 59 61 70 71
291 7 63 66 73 59
292 30 59 73 66 68
293 32 59 73 66 67
294 9 63 61 59 60
295 32 70 61 59 60
296 59 60 59 61 62
297 32 66 73 59 60
298 59 60 59 73 74
299 30 61 59 73 66
300 32 61 59 73 74
301 21 61 63 66 73
302 21 61 63 66 68
303 22 61 63 66 67
304 30 61 70 68 66
305 33 61 70 68 72
306 32 61 70 68 69
307 39 61 70 72 68
308 32 73 59 61 62
309 22 66 63 61 62
310 54 64 63 61 62
311 54 65 63 61 62
312 32 68 70 61 62
313 60 62 61 70 72
314 59 62 61 70 71
315 7 63 61 59 73
316 7 63 61 70 68
317 10 63 61 70 72
318 9 63 61 70 71
319 9 63 66 73 74
320 7 63 66 68 70
321 10 63 66 68 72
322 9 63 66 68 69
323 29 70 61 63 64
324 29 73 66 63 64
325 29 68 66 63 64
326 54 64 63 66 67
327 29 70 61 63 65
328 29 73 66 63 65
329 29 68 66 63 65
330 54 65 63 66 67
331 21 66 63 61 70
332 33 66 68 70 72
333 32 66 68 70 71
334 39 66 68 72 70
335 59 67 66 73 74
336 32 70 68 66 67
337 60 67 66 68 72
338 59 67 66 68 69
339 32 68 66 73 74
340 45 68 72 70 71
341 32 73 66 68 69
342 60 69 68 70 72
343 59 69 68 70 71
344 45 70 72 68 69
345 30 70 68 66 73
346 30 70 61 59 73
347 60 71 70 68 72
348 33 73 66 68 72

Impropers

1 26 5 3 73 1
2 31 5 3 4 1
3 31 73 3 4 1
4 23 5 3 73 4
5 19 56 5 7 3
6 14 56 5 6 3
7 33 3 5 7 6
8 20 56 5 7 6
9 25 10 8 51 7
10 30 10 8 9 7
11 30 51 8 9 7
12 23 10 8 51 9
13 25 8 10 37 12
14 23 8 10 37 11
15 33 8 10 12 11
16 33 37 10 12 11
17 13 15 13 23 12
18 16 15 13 14 12
19 30 23 13 14 12
20 11 15 13 23 14
21 4 13 15 18 16
22 4 13 15 18 17
23 6 13 15 16 17
24 6 18 15 16 17
25 8 15 18 20 35
26 9 15 18 20 19
27 11 15 18 35 19
28 11 20 18 35 19
29 4 18 20 23 21
30 4 18 20 23 22
31 6 18 20 21 22
32 6 23 20 21 22
33 10 20 23 25 13
34 11 20 23 25 24
35 11 20 23 13 24
36 23 25 23 13 24
37 10 27 25 35 23
38 14 27 25 26 23
39 23 23 25 35 26
40 11 27 25 35 26
41 4 25 27 30 28
42 4 25 27 30 29
43 6 25 27 28 29
44 6 30 27 28 29
45 17 27 30 32 33
46 18 27 30 32 31
47 11 27 30 33 31
48 29 33 30 31 32
49 24 35 33 30 32
50 29 35 33 34 32
51 29 30 33 34 32
52 23 35 33 30 34
53 21 33 35 18 25
54 23 33 35 18 36
55 23 33 35 25 36
56 23 18 35 25 36
57 10 53 37 10 39
58 23 10 37 39 38
59 14 53 37 38 10
60 14 53 37 38 39
61 21 37 39 41 49
62 23 37 39 41 40
63 23 37 39 49 40
64 23 41 39 49 40
65 24 44 41 39 43
66 32 39 41 43 42
67 23 39 41 44 42
68 29 44 41 42 43
69 12 46 44 41 43
70 15 46 44 45 43
71 29 41 44 45 43
72 11 46 44 41 45
73 4 44 46 49 47
74 4 44 46 49 48
75 6 44 46 47 48
76 6 49 46 47 48
77 10 46 49 51 39
78 11 46 49 51 50
79 11 46 49 39 50
80 23 51 49 39 50
81 10 53 51 8 49
82 14 53 51 52 49
83 23 49 51 8 52
84 11 53 51 8 52
85 4 51 53 37 54
86 4 51 53 37 55
87 6 51 53 54 55
88 6 37 53 54 55
89 4 5 56 59 57
90 4 5 56 59 58
91 6 5 56 57 58
92 6 59 56 57 58
93 10 56 59 61 73
94 11 56 59 61 60
95 11 56 59 73 60
96 23 61 59 73 60
97 10 63 61 70 59
98 14 63 61 62 59
99 23 59 61 70 62
100 11 63 61 70 62
101 4 61 63 66 64
102 4 61 63 66 65
103 6 61 63 64 65
104 6 66 63 64 65
105 10 63 66 73 68
106 11 63 66 73 67
107 11 63 66 68 67
108 23 73 66 68 67
109 24 66 68 70 72
110 23 66 68 70 69
111 32 66 68 72 69
112 32 70 68 72 69
113 24 61 70 68 72
114 32 68 70 72 71
115 23 68 70 61 71
116 29 61 70 71 72
117 21 66 73 3 59
118 23 66 73 3 74
119 23 66 73 59 74
120 23 3 73 59 74
