delete edged atoms 
42 atoms
41 bonds
76 angles
105 dihedrals
48 impropers

Types

1	1
2	5
3	1
4	3
5	3
6	1
7	1
8	3
9	3
10	1
11	3
12	3
13	3
14	1
15	3
16	3
17	5
18	1
19	1
20	3
21	3
22	3
23	1
24	3
25	3
26	3
27	1
28	3
29	3
30	1
31	1
32	3
33	3
34	5
35	1
36	1
37	3
38	3
39	4
40	1
41	3
42	3

Charges

1	0.0270
2	-0.2660
3	0.0270
4	0.0530
5	0.0530
6	0.0000
7	-0.1060
8	0.0530
9	0.0530
10	-0.1590
11	0.0530
12	0.0530
13	0.0530
14	0.0270
15	0.0530
16	0.0530
17	-0.2660
18	0.0270
19	-0.1590
20	0.0530
21	0.0530
22	0.0530
23	-0.1590
24	0.0530
25	0.0530
26	0.0530
27	-0.1060
28	0.0530
29	0.0530
30	0.0000
31	0.0270
32	0.0530
33	0.0530
34	-0.2660
35	0.0270
36	0.0270
37	0.0530
38	0.0530
39	-0.2660
40	0.0270
41	0.0530
42	0.0530

Coords

1	14.7218302357	2.0373784240	5.0303313015
2	14.3806243030	2.2353969999	6.4172634460
3	12.9776566587	2.2079155676	6.7656931292
4	12.3758254781	2.3854222012	5.8776664821
5	12.8145926531	1.2135177540	7.1616733823
6	12.6092887597	3.2123230244	7.8794007472
7	11.1365309017	2.9229619541	8.3934712614
8	10.4260122384	2.7482307622	7.4899168914
9	11.1653929809	1.8834207257	8.8795530084
10	10.4951946773	3.9832000224	9.2933973399
11	10.3087544436	4.8887491520	8.7041507276
12	11.1416927779	4.1967305869	10.2196767563
13	9.5440823239	3.6224907382	9.7001544018
14	12.8861535738	4.6492268326	7.4262415122
15	13.9414901012	4.6916647498	7.0095818388
16	12.9541009481	5.3225632776	8.3297187504
17	11.9639128874	5.2131519386	6.5283544691
18	12.3258809959	4.9550997113	5.1035048643
19	13.6441256051	2.9885693045	9.0305403770
20	13.7566386186	1.9226159180	9.1201508784
21	14.6422095344	3.4637212158	8.9115053519
22	13.1931166347	3.3758456668	9.9193261985
23	6.2935432247	20.7278550122	20.5763415195
24	6.1890499215	19.6352834863	20.5699104964
25	6.8081177455	20.9279035336	21.4905019130
26	7.0312850992	21.0742296017	19.7607847269
27	4.8724897766	21.3256411345	20.6153935878
28	4.3187959886	20.8468979589	19.7717079465
29	4.2926384856	21.0444893222	21.5455472002
30	4.7914493491	22.8895931643	20.3251909224
31	5.5153543515	23.7421351359	21.3725327297
32	5.4712865099	23.3866010972	22.3847756812
33	4.9703924001	24.7618839849	21.4937029358
34	6.8295303044	23.8081035426	20.9066922470
35	7.7455964838	24.3620610741	21.8667795218
36	5.0146798140	23.2117604979	18.8515604683
37	5.5464494853	22.6797601209	18.0360524524
38	5.2515196117	24.3185094731	18.8198178275
39	3.6555075623	22.9198184508	18.5180069440
40	3.3589246807	23.2605264011	19.9051416739
41	2.5523685176	22.6289646981	20.3564978233
42	2.8917136802	24.2852920802	19.9480459285

Bonds

1	4	1	2
2	4	3	2
3	1	3	6
4	2	3	4
5	2	3	5
6	1	6	19
7	1	6	7
8	1	6	14
9	1	7	10
10	2	7	8
11	2	7	9
12	2	10	11
13	2	10	12
14	2	10	13
15	4	14	17
16	2	14	15
17	2	14	16
18	4	18	17
19	2	19	20
20	2	19	21
21	2	19	22
22	1	23	27
23	2	23	24
24	2	23	25
25	2	23	26
26	1	27	30
27	2	27	28
28	2	27	29
29	1	30	36
30	1	30	31
31	1	30	40
32	4	31	34
33	2	31	32
34	2	31	33
35	4	35	34
36	3	36	39
37	2	36	37
38	2	36	38
39	3	40	39
40	2	40	41
41	2	40	42

Angles

1	7	1	2	3
2	4	6	3	2
3	11	4	3	2
4	11	5	3	2
5	1	3	6	19
6	1	3	6	7
7	1	3	6	14
8	2	6	3	4
9	9	4	3	5
10	2	6	3	5
11	2	6	19	20
12	2	6	19	21
13	2	6	19	22
14	1	6	7	10
15	2	6	7	8
16	2	6	7	9
17	4	6	14	17
18	2	6	14	15
19	2	6	14	16
20	1	7	6	19
21	1	7	6	14
22	2	7	10	11
23	2	7	10	12
24	2	7	10	13
25	2	10	7	8
26	9	8	7	9
27	2	10	7	9
28	9	11	10	12
29	9	11	10	13
30	9	12	10	13
31	1	14	6	19
32	7	14	17	18
33	11	15	14	17
34	9	15	14	16
35	11	16	14	17
36	9	20	19	21
37	9	20	19	22
38	9	21	19	22
39	1	23	27	30
40	2	23	27	28
41	2	23	27	29
42	2	27	23	24
43	9	24	23	25
44	9	24	23	26
45	2	27	23	25
46	9	25	23	26
47	2	27	23	26
48	1	27	30	36
49	1	27	30	31
50	1	27	30	40
51	2	30	27	28
52	9	28	27	29
53	2	30	27	29
54	3	30	36	39
55	2	30	36	37
56	2	30	36	38
57	4	30	31	34
58	2	30	31	32
59	2	30	31	33
60	3	30	40	39
61	2	30	40	41
62	2	30	40	42
63	1	31	30	36
64	1	31	30	40
65	7	31	34	35
66	11	32	31	34
67	9	32	31	33
68	11	33	31	34
69	1	36	30	40
70	6	36	39	40
71	10	37	36	39
72	9	37	36	38
73	10	38	36	39
74	10	41	40	39
75	10	42	40	39
76	9	41	40	42

Dihedrals

1	7	6	3	2	1
2	10	1	2	3	4
3	10	1	2	3	5
4	4	19	6	3	2
5	4	7	6	3	2
6	4	14	6	3	2
7	2	3	6	19	20
8	2	3	6	19	21
9	2	3	6	19	22
10	1	3	6	7	10
11	2	3	6	7	8
12	2	3	6	7	9
13	4	3	6	14	17
14	2	3	6	14	15
15	2	3	6	14	16
16	2	19	6	3	4
17	2	7	6	3	4
18	2	14	6	3	4
19	2	19	6	3	5
20	2	7	6	3	5
21	2	14	6	3	5
22	2	6	7	10	11
23	2	6	7	10	12
24	2	6	7	10	13
25	7	6	14	17	18
26	2	7	6	19	20
27	2	7	6	19	21
28	2	7	6	19	22
29	4	7	6	14	17
30	2	7	6	14	15
31	2	7	6	14	16
32	2	19	6	7	8
33	2	14	6	7	8
34	12	8	7	10	11
35	12	8	7	10	12
36	12	8	7	10	13
37	2	19	6	7	9
38	2	14	6	7	9
39	12	9	7	10	11
40	12	9	7	10	12
41	12	9	7	10	13
42	1	10	7	6	19
43	1	10	7	6	14
44	2	14	6	19	20
45	2	14	6	19	21
46	2	14	6	19	22
47	2	19	6	14	15
48	10	18	17	14	15
49	2	19	6	14	16
50	10	18	17	14	16
51	4	19	6	14	17
52	1	23	27	30	36
53	1	23	27	30	31
54	1	23	27	30	40
55	2	30	27	23	24
56	12	24	23	27	28
57	12	24	23	27	29
58	2	30	27	23	25
59	12	25	23	27	28
60	12	25	23	27	29
61	2	30	27	23	26
62	12	26	23	27	28
63	12	26	23	27	29
64	3	27	30	36	39
65	2	27	30	36	37
66	2	27	30	36	38
67	4	27	30	31	34
68	2	27	30	31	32
69	2	27	30	31	33
70	3	27	30	40	39
71	2	27	30	40	41
72	2	27	30	40	42
73	2	36	30	27	28
74	2	31	30	27	28
75	2	40	30	27	28
76	2	36	30	27	29
77	2	31	30	27	29
78	2	40	30	27	29
79	6	30	36	39	40
80	7	30	31	34	35
81	6	30	40	39	36
82	3	31	30	36	39
83	2	31	30	36	37
84	2	31	30	36	38
85	3	31	30	40	39
86	2	31	30	40	41
87	2	31	30	40	42
88	2	36	30	31	32
89	2	40	30	31	32
90	10	35	34	31	32
91	2	36	30	31	33
92	2	40	30	31	33
93	10	35	34	31	33
94	4	36	30	31	34
95	4	40	30	31	34
96	3	36	30	40	39
97	2	36	30	40	41
98	2	36	30	40	42
99	9	36	39	40	41
100	9	36	39	40	42
101	2	40	30	36	37
102	9	40	39	36	37
103	2	40	30	36	38
104	9	40	39	36	38
105	3	40	30	36	39

Impropers

1	5	6	3	4	2
2	5	6	3	5	2
3	11	4	3	5	2
4	3	6	3	4	5
5	1	3	6	19	7
6	1	3	6	19	14
7	1	3	6	7	14
8	1	19	6	7	14
9	2	6	7	10	8
10	2	6	7	10	9
11	3	6	7	8	9
12	3	10	7	8	9
13	3	7	10	11	12
14	3	7	10	11	13
15	3	7	10	12	13
16	9	11	10	12	13
17	7	6	14	17	15
18	7	6	14	17	16
19	3	6	14	15	16
20	11	15	14	16	17
21	3	6	19	20	21
22	3	6	19	20	22
23	3	6	19	21	22
24	9	20	19	21	22
25	3	27	23	24	25
26	3	27	23	24	26
27	3	27	23	25	26
28	9	24	23	25	26
29	2	23	27	30	28
30	2	23	27	30	29
31	3	23	27	28	29
32	3	30	27	28	29
33	1	27	30	36	31
34	1	27	30	36	40
35	1	27	30	31	40
36	1	36	30	31	40
37	7	30	31	34	32
38	7	30	31	34	33
39	3	30	31	32	33
40	11	32	31	33	34
41	6	30	36	39	37
42	6	30	36	39	38
43	3	30	36	37	38
44	10	37	36	38	39
45	4	30	40	41	39
46	4	30	40	42	39
47	10	41	40	42	39
48	3	30	40	41	42