Mody lammps parameter 2023-02-25 12:47:10.382161
113 atoms
115 bonds
225 angles
321 dihedrals
144 impropers

Types

1 1
2 3
3 3
4 3
5 1
6 3
7 3
8 1
9 1
10 3
11 3
12 5
13 1
14 3
15 3
16 1
17 1
18 3
19 3
20 1
21 3
22 3
23 3
24 1
25 3
26 3
27 6
28 2
29 1
30 3
31 3
32 5
33 1
34 3
35 3
36 1
37 1
38 3
39 3
40 1
41 3
42 3
43 3
44 1
45 3
46 3
47 5
48 1
49 3
50 3
51 1
52 1
53 3
54 3
55 1
56 3
57 3
58 3
59 1
60 3
61 3
62 4
63 1
64 3
65 3
66 1
67 3
68 3
69 5
70 1
71 3
72 3
73 1
74 1
75 3
76 3
77 5
78 1
79 3
80 3
81 1
82 1
83 3
84 3
85 1
86 3
87 3
88 3
89 1
90 3
91 3
92 4
93 1
94 3
95 3
96 1
97 3
98 3
99 1
100 3
101 3
102 3
103 1
104 3
105 3
106 3
107 1
108 3
109 3
110 4
111 1
112 3
113 3

Charges

1 -0.1590
2 0.0530
3 0.0530
4 0.0530
5 -0.1060
6 0.0530
7 0.0530
8 0.0000
9 0.0270
10 0.0530
11 0.0530
12 -0.2660
13 0.0270
14 0.0530
15 0.0530
16 0.0000
17 -0.1060
18 0.0530
19 0.0530
20 -0.1590
21 0.0530
22 0.0530
23 0.0530
24 0.0270
25 0.0530
26 0.0530
27 -0.5571
28 0.4241
29 0.0270
30 0.0530
31 0.0530
32 -0.2660
33 0.0270
34 0.0530
35 0.0530
36 0.0000
37 -0.1060
38 0.0530
39 0.0530
40 -0.1590
41 0.0530
42 0.0530
43 0.0530
44 0.0270
45 0.0530
46 0.0530
47 -0.2660
48 0.0270
49 0.0530
50 0.0530
51 0.0000
52 -0.1060
53 0.0530
54 0.0530
55 -0.1590
56 0.0530
57 0.0530
58 0.0530
59 0.0270
60 0.0530
61 0.0530
62 -0.2660
63 0.0270
64 0.0530
65 0.0530
66 0.0270
67 0.0530
68 0.0530
69 -0.2660
70 0.0270
71 0.0530
72 0.0530
73 0.0000
74 0.0270
75 0.0530
76 0.0530
77 -0.2660
78 0.0270
79 0.0530
80 0.0530
81 0.0000
82 -0.1060
83 0.0530
84 0.0530
85 -0.1590
86 0.0530
87 0.0530
88 0.0530
89 0.0270
90 0.0530
91 0.0530
92 -0.2660
93 0.0270
94 0.0530
95 0.0530
96 -0.1060
97 0.0530
98 0.0530
99 -0.1590
100 0.0530
101 0.0530
102 0.0530
103 -0.1590
104 0.0530
105 0.0530
106 0.0530
107 0.0270
108 0.0530
109 0.0530
110 -0.2660
111 0.0270
112 0.0530
113 0.0530

Coords

1 3.6305591819 16.5250065777 9.9791715063
2 2.8783146486 16.0680515311 9.3536448252
3 4.4838955267 15.8309127402 9.9665966525
4 3.2238370825 16.6272262329 10.9549807920
5 3.8890285961 17.9796196478 9.4459542010
6 4.3443331683 17.8269389809 8.4527554351
7 2.9630203311 18.6379518390 9.2349622268
8 5.0428073919 18.7118349585 10.2149269304
9 6.3395790211 17.8768713953 10.2768139732
10 6.2603624438 16.9977865287 11.0602299451
11 7.1562228928 18.4407804343 10.7363633146
12 6.7036838892 17.4718776739 8.9441188535
13 8.0411858877 17.5630839094 8.4439029958
14 8.7363168955 17.1524099474 9.2271277134
15 8.2167038813 18.6648441838 8.3413270128
16 8.2054037300 16.8486380427 7.1067473993
17 8.3190035315 15.3370438561 7.2836163057
18 9.2355214512 15.2115169060 7.9127660442
19 8.4377811152 14.7943226530 6.2905965594
20 7.1610636021 14.6283510580 8.0397557366
21 6.5377702258 15.3365377735 8.6299098873
22 7.4948857849 13.9264693871 8.8041183810
23 6.5438333535 14.0185564577 7.3998198229
24 7.1019719016 17.0554577406 5.9965101036
25 7.3036089615 16.3054513299 5.1337404016
26 7.2708789444 18.0135974412 5.4109483849
27 5.7292333202 17.0389561660 6.3106357874
28 5.1465455690 17.4309314010 5.6178197599
29 9.5714028534 17.2423689780 6.4963793934
30 9.6868451502 16.8621029227 5.4362161128
31 9.4599517191 18.3077666096 6.3702557248
32 10.6880885000 17.0072228930 7.3268390663
33 11.8897876750 17.4534940081 6.7260377689
34 12.0864248170 17.0757038995 5.6358356184
35 11.9336063540 18.5463274735 6.7007335988
36 13.1178453407 17.0078462497 7.6634215323
37 12.6747893788 17.4116961488 9.1300823072
38 12.2629024592 18.4541665572 9.0680148010
39 11.8521218811 16.7630260956 9.4111105416
40 13.7512678301 17.3086853959 10.2524832380
41 14.6832627657 17.6950256416 9.7702268192
42 13.5588955437 17.9931424096 11.0825924318
43 13.9222391261 16.2953516165 10.5601030409
44 14.4889800839 17.8488274065 7.3277895235
45 15.3389872606 17.1711528220 7.3678737280
46 14.6735826423 18.5661991736 8.1919550567
47 14.4466967228 18.5012371657 6.0708283366
48 14.3700654236 19.8769378768 6.1709719770
49 15.2109311383 20.4001212366 6.7270181118
50 13.5144333622 20.1130212484 6.7795852206
51 14.2361882854 20.6000825302 4.6962428478
52 14.3413360789 22.0984437344 4.8941067382
53 15.3838908619 22.3845473648 4.9286610254
54 13.9456439264 22.6226028923 3.9883587646
55 13.5984480101 22.5886915472 6.1274692073
56 14.1892823727 22.3207111974 7.0099014915
57 12.6087193209 22.1869854838 6.2516823497
58 13.3795733730 23.6932237325 6.1157062543
59 13.1059669926 19.8791643095 3.9040320694
60 12.3647818575 19.3198616199 4.4572622915
61 12.6173122731 20.4753756260 3.1392419905
62 14.0002217050 19.0001097725 3.2415099953
63 15.0692293820 19.9576439764 3.5804413845
64 15.3518803424 20.4962025817 2.6845573436
65 15.9455175277 19.3922797717 3.9425677005
66 13.4808141852 15.4918084114 7.4131925289
67 14.0118253464 15.5099106458 6.5069432180
68 14.2228503211 15.2179133735 8.2049107560
69 12.4217779594 14.5728146027 7.4035755293
70 12.7179226061 13.2380100413 7.1309535478
71 12.3867403614 12.6258077706 8.0301940777
72 13.8408242419 13.1090139754 7.1565968641
73 11.9632965128 12.7265481765 5.8066245937
74 11.7073618890 11.2490126327 5.9486278590
75 11.3898177818 10.7949219805 5.0037182223
76 12.6902106853 10.7246276059 5.9813806339
77 10.8952619423 10.8651555864 7.0593566875
78 11.6330148121 10.1079304916 8.0975667346
79 12.6338344062 10.4571414465 8.2613740184
80 11.0144844102 10.3222953475 9.0798434161
81 11.6965697070 8.6102790937 7.8704849287
82 12.8129848525 8.1958098266 6.7959488822
83 12.4909190686 8.5383171479 5.7688251507
84 13.7458317532 8.7848766118 7.0653548870
85 13.2972839089 6.7662750641 6.6997406905
86 12.5544402926 6.0762422191 6.2691246054
87 13.5752629601 6.3709244343 7.6867840099
88 14.1073864042 6.7902885334 5.9669888487
89 11.8724683125 7.9388471356 9.2388089692
90 11.4777611189 8.6068017260 10.0415186820
91 12.8282499617 7.5459437925 9.5967823272
92 10.8637761368 6.9683028621 8.8923378939
93 10.4215261426 7.7923197130 7.8233530981
94 10.1809899072 7.1753100275 6.9158121033
95 9.5443690849 8.3857087424 8.1386603863
96 13.1164463818 12.9132435850 4.6818483394
97 13.6870112090 13.8535934036 4.7423466768
98 13.8593664837 12.0787662095 4.8856643929
99 12.6350286192 12.7142170969 3.1950613514
100 11.8542422215 13.3685674584 2.8111922770
101 12.0658791976 11.7495572527 3.2582747992
102 13.5762076809 12.5747889790 2.5215095078
103 10.7919363453 13.6109305544 5.4761599157
104 10.0036569729 13.4484181102 6.2199370137
105 11.1790639454 14.6324217205 5.2953625119
106 10.3358671404 13.1455347353 4.5737897179
107 5.5365704331 20.1536487396 9.8049628449
108 6.4331917819 20.1368030562 9.1697263097
109 4.7565093916 20.8715781756 9.4638129413
110 5.9065596125 20.4283771947 11.1154398522
111 4.9884351815 19.4642495320 11.5418712926
112 5.3092235350 18.8839623024 12.4324966376
113 4.0403909530 19.8051565734 11.7931466107

Bonds

1 1 1 5
2 2 1 2
3 2 1 3
4 2 1 4
5 1 5 8
6 2 5 6
7 2 5 7
8 1 8 107
9 1 8 9
10 1 8 111
11 4 9 12
12 2 9 10
13 2 9 11
14 4 13 12
15 1 13 16
16 2 13 14
17 2 13 15
18 1 16 29
19 1 16 17
20 1 16 24
21 1 17 20
22 2 17 18
23 2 17 19
24 2 20 21
25 2 20 22
26 2 20 23
27 5 24 27
28 2 24 25
29 2 24 26
30 6 28 27
31 4 29 32
32 2 29 30
33 2 29 31
34 4 33 32
35 1 33 36
36 2 33 34
37 2 33 35
38 1 36 66
39 1 36 37
40 1 36 44
41 1 37 40
42 2 37 38
43 2 37 39
44 2 40 41
45 2 40 42
46 2 40 43
47 4 44 47
48 2 44 45
49 2 44 46
50 4 48 47
51 1 48 51
52 2 48 49
53 2 48 50
54 1 51 59
55 1 51 52
56 1 51 63
57 1 52 55
58 2 52 53
59 2 52 54
60 2 55 56
61 2 55 57
62 2 55 58
63 3 59 62
64 2 59 60
65 2 59 61
66 3 63 62
67 2 63 64
68 2 63 65
69 4 66 69
70 2 66 67
71 2 66 68
72 4 70 69
73 1 70 73
74 2 70 71
75 2 70 72
76 1 73 103
77 1 73 74
78 1 73 96
79 4 74 77
80 2 74 75
81 2 74 76
82 4 78 77
83 1 78 81
84 2 78 79
85 2 78 80
86 1 81 89
87 1 81 82
88 1 81 93
89 1 82 85
90 2 82 83
91 2 82 84
92 2 85 86
93 2 85 87
94 2 85 88
95 3 89 92
96 2 89 90
97 2 89 91
98 3 93 92
99 2 93 94
100 2 93 95
101 1 96 99
102 2 96 97
103 2 96 98
104 2 99 100
105 2 99 101
106 2 99 102
107 2 103 104
108 2 103 105
109 2 103 106
110 3 107 110
111 2 107 108
112 2 107 109
113 3 111 110
114 2 111 112
115 2 111 113

Angles

1 1 1 5 8
2 2 1 5 6
3 2 1 5 7
4 2 5 1 2
5 9 2 1 3
6 9 2 1 4
7 2 5 1 3
8 9 3 1 4
9 2 5 1 4
10 1 5 8 107
11 1 5 8 9
12 1 5 8 111
13 2 8 5 6
14 9 6 5 7
15 2 8 5 7
16 3 8 107 110
17 2 8 107 108
18 2 8 107 109
19 4 8 9 12
20 2 8 9 10
21 2 8 9 11
22 3 8 111 110
23 2 8 111 112
24 2 8 111 113
25 1 9 8 107
26 1 9 8 111
27 7 9 12 13
28 11 10 9 12
29 9 10 9 11
30 11 11 9 12
31 4 16 13 12
32 11 14 13 12
33 11 15 13 12
34 1 13 16 29
35 1 13 16 17
36 1 13 16 24
37 2 16 13 14
38 9 14 13 15
39 2 16 13 15
40 4 16 29 32
41 2 16 29 30
42 2 16 29 31
43 1 16 17 20
44 2 16 17 18
45 2 16 17 19
46 5 16 24 27
47 2 16 24 25
48 2 16 24 26
49 1 17 16 29
50 1 17 16 24
51 2 17 20 21
52 2 17 20 22
53 2 17 20 23
54 2 20 17 18
55 9 18 17 19
56 2 20 17 19
57 9 21 20 22
58 9 21 20 23
59 9 22 20 23
60 1 24 16 29
61 8 24 27 28
62 12 25 24 27
63 9 25 24 26
64 12 26 24 27
65 7 29 32 33
66 11 30 29 32
67 9 30 29 31
68 11 31 29 32
69 4 36 33 32
70 11 34 33 32
71 11 35 33 32
72 1 33 36 66
73 1 33 36 37
74 1 33 36 44
75 2 36 33 34
76 9 34 33 35
77 2 36 33 35
78 4 36 66 69
79 2 36 66 67
80 2 36 66 68
81 1 36 37 40
82 2 36 37 38
83 2 36 37 39
84 4 36 44 47
85 2 36 44 45
86 2 36 44 46
87 1 37 36 66
88 1 37 36 44
89 2 37 40 41
90 2 37 40 42
91 2 37 40 43
92 2 40 37 38
93 9 38 37 39
94 2 40 37 39
95 9 41 40 42
96 9 41 40 43
97 9 42 40 43
98 1 44 36 66
99 7 44 47 48
100 11 45 44 47
101 9 45 44 46
102 11 46 44 47
103 4 51 48 47
104 11 49 48 47
105 11 50 48 47
106 1 48 51 59
107 1 48 51 52
108 1 48 51 63
109 2 51 48 49
110 9 49 48 50
111 2 51 48 50
112 3 51 59 62
113 2 51 59 60
114 2 51 59 61
115 1 51 52 55
116 2 51 52 53
117 2 51 52 54
118 3 51 63 62
119 2 51 63 64
120 2 51 63 65
121 1 52 51 59
122 1 52 51 63
123 2 52 55 56
124 2 52 55 57
125 2 52 55 58
126 2 55 52 53
127 9 53 52 54
128 2 55 52 54
129 9 56 55 57
130 9 56 55 58
131 9 57 55 58
132 1 59 51 63
133 6 59 62 63
134 10 60 59 62
135 9 60 59 61
136 10 61 59 62
137 10 64 63 62
138 10 65 63 62
139 9 64 63 65
140 7 66 69 70
141 11 67 66 69
142 9 67 66 68
143 11 68 66 69
144 4 73 70 69
145 11 71 70 69
146 11 72 70 69
147 1 70 73 103
148 1 70 73 74
149 1 70 73 96
150 2 73 70 71
151 9 71 70 72
152 2 73 70 72
153 2 73 103 104
154 2 73 103 105
155 2 73 103 106
156 4 73 74 77
157 2 73 74 75
158 2 73 74 76
159 1 73 96 99
160 2 73 96 97
161 2 73 96 98
162 1 74 73 103
163 1 74 73 96
164 7 74 77 78
165 11 75 74 77
166 9 75 74 76
167 11 76 74 77
168 4 81 78 77
169 11 79 78 77
170 11 80 78 77
171 1 78 81 89
172 1 78 81 82
173 1 78 81 93
174 2 81 78 79
175 9 79 78 80
176 2 81 78 80
177 3 81 89 92
178 2 81 89 90
179 2 81 89 91
180 1 81 82 85
181 2 81 82 83
182 2 81 82 84
183 3 81 93 92
184 2 81 93 94
185 2 81 93 95
186 1 82 81 89
187 1 82 81 93
188 2 82 85 86
189 2 82 85 87
190 2 82 85 88
191 2 85 82 83
192 9 83 82 84
193 2 85 82 84
194 9 86 85 87
195 9 86 85 88
196 9 87 85 88
197 1 89 81 93
198 6 89 92 93
199 10 90 89 92
200 9 90 89 91
201 10 91 89 92
202 10 94 93 92
203 10 95 93 92
204 9 94 93 95
205 1 96 73 103
206 2 96 99 100
207 2 96 99 101
208 2 96 99 102
209 2 99 96 97
210 9 97 96 98
211 2 99 96 98
212 9 100 99 101
213 9 100 99 102
214 9 101 99 102
215 9 104 103 105
216 9 104 103 106
217 9 105 103 106
218 1 107 8 111
219 6 107 110 111
220 10 108 107 110
221 9 108 107 109
222 10 109 107 110
223 10 112 111 110
224 10 113 111 110
225 9 112 111 113

Dihedrals

1 1 1 5 8 107
2 1 1 5 8 9
3 1 1 5 8 111
4 2 8 5 1 2
5 12 2 1 5 6
6 12 2 1 5 7
7 2 8 5 1 3
8 12 3 1 5 6
9 12 3 1 5 7
10 2 8 5 1 4
11 12 4 1 5 6
12 12 4 1 5 7
13 3 5 8 107 110
14 2 5 8 107 108
15 2 5 8 107 109
16 4 5 8 9 12
17 2 5 8 9 10
18 2 5 8 9 11
19 3 5 8 111 110
20 2 5 8 111 112
21 2 5 8 111 113
22 2 107 8 5 6
23 2 9 8 5 6
24 2 111 8 5 6
25 2 107 8 5 7
26 2 9 8 5 7
27 2 111 8 5 7
28 6 8 107 110 111
29 7 8 9 12 13
30 6 8 111 110 107
31 3 9 8 107 110
32 2 9 8 107 108
33 2 9 8 107 109
34 3 9 8 111 110
35 2 9 8 111 112
36 2 9 8 111 113
37 7 16 13 12 9
38 10 9 12 13 14
39 10 9 12 13 15
40 2 107 8 9 10
41 2 111 8 9 10
42 10 13 12 9 10
43 2 107 8 9 11
44 2 111 8 9 11
45 10 13 12 9 11
46 4 107 8 9 12
47 4 111 8 9 12
48 4 29 16 13 12
49 4 17 16 13 12
50 4 24 16 13 12
51 4 13 16 29 32
52 2 13 16 29 30
53 2 13 16 29 31
54 1 13 16 17 20
55 2 13 16 17 18
56 2 13 16 17 19
57 5 13 16 24 27
58 2 13 16 24 25
59 2 13 16 24 26
60 2 29 16 13 14
61 2 17 16 13 14
62 2 24 16 13 14
63 2 29 16 13 15
64 2 17 16 13 15
65 2 24 16 13 15
66 7 16 29 32 33
67 2 16 17 20 21
68 2 16 17 20 22
69 2 16 17 20 23
70 8 16 24 27 28
71 4 17 16 29 32
72 2 17 16 29 30
73 2 17 16 29 31
74 5 17 16 24 27
75 2 17 16 24 25
76 2 17 16 24 26
77 2 29 16 17 18
78 2 24 16 17 18
79 12 18 17 20 21
80 12 18 17 20 22
81 12 18 17 20 23
82 2 29 16 17 19
83 2 24 16 17 19
84 12 19 17 20 21
85 12 19 17 20 22
86 12 19 17 20 23
87 1 20 17 16 29
88 1 20 17 16 24
89 4 24 16 29 32
90 2 24 16 29 30
91 2 24 16 29 31
92 2 29 16 24 25
93 11 28 27 24 25
94 2 29 16 24 26
95 11 28 27 24 26
96 5 29 16 24 27
97 7 36 33 32 29
98 10 29 32 33 34
99 10 29 32 33 35
100 10 33 32 29 30
101 10 33 32 29 31
102 4 66 36 33 32
103 4 37 36 33 32
104 4 44 36 33 32
105 4 33 36 66 69
106 2 33 36 66 67
107 2 33 36 66 68
108 1 33 36 37 40
109 2 33 36 37 38
110 2 33 36 37 39
111 4 33 36 44 47
112 2 33 36 44 45
113 2 33 36 44 46
114 2 66 36 33 34
115 2 37 36 33 34
116 2 44 36 33 34
117 2 66 36 33 35
118 2 37 36 33 35
119 2 44 36 33 35
120 7 36 66 69 70
121 2 36 37 40 41
122 2 36 37 40 42
123 2 36 37 40 43
124 7 36 44 47 48
125 4 37 36 66 69
126 2 37 36 66 67
127 2 37 36 66 68
128 4 37 36 44 47
129 2 37 36 44 45
130 2 37 36 44 46
131 2 66 36 37 38
132 2 44 36 37 38
133 12 38 37 40 41
134 12 38 37 40 42
135 12 38 37 40 43
136 2 66 36 37 39
137 2 44 36 37 39
138 12 39 37 40 41
139 12 39 37 40 42
140 12 39 37 40 43
141 1 40 37 36 66
142 1 40 37 36 44
143 4 44 36 66 69
144 2 44 36 66 67
145 2 44 36 66 68
146 7 51 48 47 44
147 10 44 47 48 49
148 10 44 47 48 50
149 2 66 36 44 45
150 10 48 47 44 45
151 2 66 36 44 46
152 10 48 47 44 46
153 4 66 36 44 47
154 4 59 51 48 47
155 4 52 51 48 47
156 4 63 51 48 47
157 3 48 51 59 62
158 2 48 51 59 60
159 2 48 51 59 61
160 1 48 51 52 55
161 2 48 51 52 53
162 2 48 51 52 54
163 3 48 51 63 62
164 2 48 51 63 64
165 2 48 51 63 65
166 2 59 51 48 49
167 2 52 51 48 49
168 2 63 51 48 49
169 2 59 51 48 50
170 2 52 51 48 50
171 2 63 51 48 50
172 6 51 59 62 63
173 2 51 52 55 56
174 2 51 52 55 57
175 2 51 52 55 58
176 6 51 63 62 59
177 3 52 51 59 62
178 2 52 51 59 60
179 2 52 51 59 61
180 3 52 51 63 62
181 2 52 51 63 64
182 2 52 51 63 65
183 2 59 51 52 53
184 2 63 51 52 53
185 12 53 52 55 56
186 12 53 52 55 57
187 12 53 52 55 58
188 2 59 51 52 54
189 2 63 51 52 54
190 12 54 52 55 56
191 12 54 52 55 57
192 12 54 52 55 58
193 1 55 52 51 59
194 1 55 52 51 63
195 3 59 51 63 62
196 2 59 51 63 64
197 2 59 51 63 65
198 9 59 62 63 64
199 9 59 62 63 65
200 2 63 51 59 60
201 9 63 62 59 60
202 2 63 51 59 61
203 9 63 62 59 61
204 3 63 51 59 62
205 7 73 70 69 66
206 10 66 69 70 71
207 10 66 69 70 72
208 10 70 69 66 67
209 10 70 69 66 68
210 4 103 73 70 69
211 4 74 73 70 69
212 4 96 73 70 69
213 2 70 73 103 104
214 2 70 73 103 105
215 2 70 73 103 106
216 4 70 73 74 77
217 2 70 73 74 75
218 2 70 73 74 76
219 1 70 73 96 99
220 2 70 73 96 97
221 2 70 73 96 98
222 2 103 73 70 71
223 2 74 73 70 71
224 2 96 73 70 71
225 2 103 73 70 72
226 2 74 73 70 72
227 2 96 73 70 72
228 7 73 74 77 78
229 2 73 96 99 100
230 2 73 96 99 101
231 2 73 96 99 102
232 2 74 73 103 104
233 2 74 73 103 105
234 2 74 73 103 106
235 1 74 73 96 99
236 2 74 73 96 97
237 2 74 73 96 98
238 7 81 78 77 74
239 10 74 77 78 79
240 10 74 77 78 80
241 2 103 73 74 75
242 2 96 73 74 75
243 10 78 77 74 75
244 2 103 73 74 76
245 2 96 73 74 76
246 10 78 77 74 76
247 4 103 73 74 77
248 4 96 73 74 77
249 4 89 81 78 77
250 4 82 81 78 77
251 4 93 81 78 77
252 3 78 81 89 92
253 2 78 81 89 90
254 2 78 81 89 91
255 1 78 81 82 85
256 2 78 81 82 83
257 2 78 81 82 84
258 3 78 81 93 92
259 2 78 81 93 94
260 2 78 81 93 95
261 2 89 81 78 79
262 2 82 81 78 79
263 2 93 81 78 79
264 2 89 81 78 80
265 2 82 81 78 80
266 2 93 81 78 80
267 6 81 89 92 93
268 2 81 82 85 86
269 2 81 82 85 87
270 2 81 82 85 88
271 6 81 93 92 89
272 3 82 81 89 92
273 2 82 81 89 90
274 2 82 81 89 91
275 3 82 81 93 92
276 2 82 81 93 94
277 2 82 81 93 95
278 2 89 81 82 83
279 2 93 81 82 83
280 12 83 82 85 86
281 12 83 82 85 87
282 12 83 82 85 88
283 2 89 81 82 84
284 2 93 81 82 84
285 12 84 82 85 86
286 12 84 82 85 87
287 12 84 82 85 88
288 1 85 82 81 89
289 1 85 82 81 93
290 3 89 81 93 92
291 2 89 81 93 94
292 2 89 81 93 95
293 9 89 92 93 94
294 9 89 92 93 95
295 2 93 81 89 90
296 9 93 92 89 90
297 2 93 81 89 91
298 9 93 92 89 91
299 3 93 81 89 92
300 2 96 73 103 104
301 2 96 73 103 105
302 2 96 73 103 106
303 2 103 73 96 97
304 12 97 96 99 100
305 12 97 96 99 101
306 12 97 96 99 102
307 2 103 73 96 98
308 12 98 96 99 100
309 12 98 96 99 101
310 12 98 96 99 102
311 1 99 96 73 103
312 3 107 8 111 110
313 2 107 8 111 112
314 2 107 8 111 113
315 9 107 110 111 112
316 9 107 110 111 113
317 2 111 8 107 108
318 9 111 110 107 108
319 2 111 8 107 109
320 9 111 110 107 109
321 3 111 8 107 110

Impropers

1 3 5 1 2 3
2 3 5 1 2 4
3 3 5 1 3 4
4 9 2 1 3 4
5 2 1 5 8 6
6 2 1 5 8 7
7 3 1 5 6 7
8 3 8 5 6 7
9 1 5 8 107 9
10 1 5 8 107 111
11 1 5 8 9 111
12 1 107 8 9 111
13 7 8 9 12 10
14 7 8 9 12 11
15 3 8 9 10 11
16 11 10 9 11 12
17 5 16 13 14 12
18 5 16 13 15 12
19 11 14 13 15 12
20 3 16 13 14 15
21 1 13 16 29 17
22 1 13 16 29 24
23 1 13 16 17 24
24 1 29 16 17 24
25 2 16 17 20 18
26 2 16 17 20 19
27 3 16 17 18 19
28 3 20 17 18 19
29 3 17 20 21 22
30 3 17 20 21 23
31 3 17 20 22 23
32 9 21 20 22 23
33 8 16 24 27 25
34 8 16 24 27 26
35 3 16 24 25 26
36 12 25 24 26 27
37 7 16 29 32 30
38 7 16 29 32 31
39 3 16 29 30 31
40 11 30 29 31 32
41 5 36 33 34 32
42 5 36 33 35 32
43 11 34 33 35 32
44 3 36 33 34 35
45 1 33 36 66 37
46 1 33 36 66 44
47 1 33 36 37 44
48 1 66 36 37 44
49 2 36 37 40 38
50 2 36 37 40 39
51 3 36 37 38 39
52 3 40 37 38 39
53 3 37 40 41 42
54 3 37 40 41 43
55 3 37 40 42 43
56 9 41 40 42 43
57 7 36 44 47 45
58 7 36 44 47 46
59 3 36 44 45 46
60 11 45 44 46 47
61 5 51 48 49 47
62 5 51 48 50 47
63 11 49 48 50 47
64 3 51 48 49 50
65 1 48 51 59 52
66 1 48 51 59 63
67 1 48 51 52 63
68 1 59 51 52 63
69 2 51 52 55 53
70 2 51 52 55 54
71 3 51 52 53 54
72 3 55 52 53 54
73 3 52 55 56 57
74 3 52 55 56 58
75 3 52 55 57 58
76 9 56 55 57 58
77 6 51 59 62 60
78 6 51 59 62 61
79 3 51 59 60 61
80 10 60 59 61 62
81 4 51 63 64 62
82 4 51 63 65 62
83 10 64 63 65 62
84 3 51 63 64 65
85 7 36 66 69 67
86 7 36 66 69 68
87 3 36 66 67 68
88 11 67 66 68 69
89 5 73 70 71 69
90 5 73 70 72 69
91 11 71 70 72 69
92 3 73 70 71 72
93 1 70 73 103 74
94 1 70 73 103 96
95 1 70 73 74 96
96 1 103 73 74 96
97 7 73 74 77 75
98 7 73 74 77 76
99 3 73 74 75 76
100 11 75 74 76 77
101 5 81 78 79 77
102 5 81 78 80 77
103 11 79 78 80 77
104 3 81 78 79 80
105 1 78 81 89 82
106 1 78 81 89 93
107 1 78 81 82 93
108 1 89 81 82 93
109 2 81 82 85 83
110 2 81 82 85 84
111 3 81 82 83 84
112 3 85 82 83 84
113 3 82 85 86 87
114 3 82 85 86 88
115 3 82 85 87 88
116 9 86 85 87 88
117 6 81 89 92 90
118 6 81 89 92 91
119 3 81 89 90 91
120 10 90 89 91 92
121 4 81 93 94 92
122 4 81 93 95 92
123 10 94 93 95 92
124 3 81 93 94 95
125 2 73 96 99 97
126 2 73 96 99 98
127 3 73 96 97 98
128 3 99 96 97 98
129 3 96 99 100 101
130 3 96 99 100 102
131 3 96 99 101 102
132 9 100 99 101 102
133 3 73 103 104 105
134 3 73 103 104 106
135 3 73 103 105 106
136 9 104 103 105 106
137 6 8 107 110 108
138 6 8 107 110 109
139 3 8 107 108 109
140 10 108 107 109 110
141 4 8 111 112 110
142 4 8 111 113 110
143 10 112 111 113 110
144 3 8 111 112 113
