delete edged atoms 
24 atoms
23 bonds
40 angles
51 dihedrals
24 impropers

Types

1	1
2	7
3	1
4	5
5	5
6	2
7	5
8	1
9	5
10	5
11	7
12	2
13	7
14	1
15	5
16	5
17	1
18	5
19	5
20	1
21	5
22	5
23	7
24	1

Charges

1	0.0270
2	-0.2660
3	0.0270
4	0.0530
5	0.0530
6	0.0800
7	0.0530
8	0.0270
9	0.0530
10	0.0530
11	-0.2660
12	0.0800
13	-0.2660
14	0.0270
15	0.0530
16	0.0530
17	-0.1060
18	0.0530
19	0.0530
20	0.0270
21	0.0530
22	0.0530
23	-0.2660
24	0.0270

Coords

1	18.7914243426	11.8340796246	4.7052898240
2	19.1970186583	11.6808879141	3.3429969351
3	19.6575069014	10.3773095096	3.1200591975
4	18.8564691570	9.5883673938	3.2162718510
5	20.3754663223	10.1886949737	3.8473944521
6	20.3670554741	10.3371388489	1.7535240775
7	21.0904811473	11.1510379429	1.6723368109
8	21.1680806356	9.0236817875	1.6261106714
9	22.2532433542	9.1689415715	1.3058688218
10	21.3688994420	8.4736066523	2.6078155155
11	20.6042238101	7.9747367656	0.8222509273
12	21.4032862816	6.8084097913	0.6085312300
13	19.3776711200	10.4885721709	0.7512175525
14	19.8025636622	11.3524925861	-0.2978983713
15	18.8731241680	11.8165436668	-0.7332743875
16	20.3112814664	12.2171782557	0.1425285267
17	20.6903326415	10.5696962171	-1.3152088838
18	21.4922491452	11.2123222664	-1.7911857295
19	21.2290194090	9.7918811649	-0.7636716766
20	19.9367549650	9.8860997997	-2.5084962424
21	20.6373282024	9.1507272460	-2.9846326053
22	19.7042045908	10.4531061445	-3.4316778728
23	18.8693421213	8.9971588559	-2.1327305279
24	17.5223530641	9.5339784424	-2.0570414783

Bonds

1	6	1	2
2	6	3	2
3	2	3	6
4	4	3	4
5	4	3	5
6	10	6	13
7	9	6	7
8	2	8	6
9	6	8	11
10	4	8	9
11	4	8	10
12	10	12	11
13	6	14	13
14	1	14	17
15	4	14	15
16	4	14	16
17	1	17	20
18	4	17	18
19	4	17	19
20	6	20	23
21	4	20	21
22	4	20	22
23	6	24	23

Angles

1	12	1	2	3
2	17	6	3	2
3	26	4	3	2
4	26	5	3	2
5	7	3	6	13
6	6	3	6	7
7	4	3	6	8
8	16	6	3	4
9	24	4	3	5
10	16	6	3	5
11	13	14	13	6
12	17	6	8	11
13	16	6	8	9
14	16	6	8	10
15	28	7	6	13
16	6	8	6	7
17	7	8	6	13
18	13	8	11	12
19	26	9	8	11
20	24	9	8	10
21	26	10	8	11
22	3	17	14	13
23	26	15	14	13
24	26	16	14	13
25	1	14	17	20
26	2	14	17	18
27	2	14	17	19
28	2	17	14	15
29	24	15	14	16
30	2	17	14	16
31	3	17	20	23
32	2	17	20	21
33	2	17	20	22
34	2	20	17	18
35	24	18	17	19
36	2	20	17	19
37	12	20	23	24
38	26	21	20	23
39	24	21	20	22
40	26	22	20	23

Dihedrals

1	18	1	2	3	6
2	20	1	2	3	4
3	20	1	2	3	5
4	44	2	3	6	13
5	38	7	6	3	2
6	7	8	6	3	2
7	12	3	6	13	14
8	7	3	6	8	11
9	6	3	6	8	9
10	6	3	6	8	10
11	35	4	3	6	13
12	34	4	3	6	7
13	6	8	6	3	4
14	35	5	3	6	13
15	34	5	3	6	7
16	6	8	6	3	5
17	4	17	14	13	6
18	29	6	13	14	15
19	29	6	13	14	16
20	46	6	8	11	12
21	21	14	13	6	7
22	38	7	6	8	11
23	34	9	8	6	7
24	34	10	8	6	7
25	12	8	6	13	14
26	35	9	8	6	13
27	29	12	11	8	9
28	35	10	8	6	13
29	29	12	11	8	10
30	44	11	8	6	13
31	2	20	17	14	13
32	33	18	17	14	13
33	33	19	17	14	13
34	2	14	17	20	23
35	1	14	17	20	21
36	1	14	17	20	22
37	1	20	17	14	15
38	32	15	14	17	18
39	32	15	14	17	19
40	1	20	17	14	16
41	32	16	14	17	18
42	32	16	14	17	19
43	3	17	20	23	24
44	33	18	17	20	23
45	32	18	17	20	21
46	32	18	17	20	22
47	33	19	17	20	23
48	32	19	17	20	21
49	32	19	17	20	22
50	20	24	23	20	21
51	20	24	23	20	22

Impropers

1	7	6	3	4	2
2	7	6	3	5	2
3	15	4	3	5	2
4	6	6	3	4	5
5	25	3	6	13	7
6	20	8	6	3	13
7	19	8	6	3	7
8	25	8	6	13	7
9	8	6	8	11	9
10	8	6	8	11	10
11	6	6	8	9	10
12	15	9	8	10	11
13	3	17	14	15	13
14	3	17	14	16	13
15	15	15	14	16	13
16	2	17	14	15	16
17	1	14	17	20	18
18	1	14	17	20	19
19	2	14	17	18	19
20	2	20	17	18	19
21	4	17	20	23	21
22	4	17	20	23	22
23	2	17	20	21	22
24	15	21	20	22	23