delete edged atoms 
24 atoms
23 bonds
40 angles
48 dihedrals
24 impropers

Types

1	1
2	7
3	1
4	5
5	5
6	1
7	5
8	5
9	1
10	5
11	5
12	7
13	2
14	1
15	7
16	1
17	5
18	5
19	3
20	5
21	1
22	5
23	5
24	6

Charges

1	0.0270
2	-0.2660
3	0.0270
4	0.0530
5	0.0530
6	-0.1060
7	0.0530
8	0.0530
9	0.0270
10	0.0530
11	0.0530
12	-0.2660
13	0.0800
14	0.0270
15	-0.2660
16	0.0270
17	0.0530
18	0.0530
19	0.0800
20	0.0530
21	0.0270
22	0.0530
23	0.0530
24	-0.2660

Coords

1	6.8592269107	13.9822169228	3.0980136161
2	6.0718447233	14.1952430791	1.9378198744
3	6.4943311584	13.4501052366	0.7599126853
4	7.0978575594	14.1653459307	0.1788302593
5	7.1544793253	12.6771412554	1.1639038550
6	5.3225811588	12.9911858802	-0.0403325890
7	5.6939924218	12.3386777411	-0.8967040021
8	4.8160397430	13.8332976739	-0.5799212928
9	4.3099988959	12.1500959922	0.7953860992
10	3.9960497142	12.5001742038	1.8210092599
11	4.9127594576	11.2061031900	1.0905527984
12	3.1723087826	11.7496174448	0.0114653155
13	1.9969366130	11.4823569509	0.8024850144
14	8.0350243789	5.5925032987	2.1368412536
15	6.5622508226	5.7345242606	2.0910012973
16	5.8598919492	6.5973769920	1.1468123832
17	4.8565539334	6.5478687314	1.4948890462
18	5.9043055962	6.0722056819	0.2010797755
19	6.2312427949	8.0206134121	1.0741769554
20	6.1250713202	8.5417179825	2.0315364237
21	6.1587730330	8.7821793874	-0.1383029301
22	5.8018802281	8.3705304721	-1.1414714824
23	5.9532210571	9.8321669151	0.0066255664
24	7.4505833377	8.3695585381	0.3218427398

Bonds

1	6	1	2
2	6	3	2
3	1	3	6
4	4	3	4
5	4	3	5
6	1	6	9
7	4	6	7
8	4	6	8
9	6	9	12
10	4	9	10
11	4	9	11
12	10	13	12
13	6	14	15
14	6	16	15
15	3	16	19
16	4	16	17
17	4	16	18
18	3	21	19
19	11	19	20
20	12	19	24
21	5	21	24
22	4	21	22
23	4	21	23

Angles

1	12	1	2	3
2	3	6	3	2
3	26	4	3	2
4	26	5	3	2
5	1	3	6	9
6	2	3	6	7
7	2	3	6	8
8	2	6	3	4
9	24	4	3	5
10	2	6	3	5
11	3	6	9	12
12	2	6	9	10
13	2	6	9	11
14	2	9	6	7
15	24	7	6	8
16	2	9	6	8
17	13	9	12	13
18	26	10	9	12
19	24	10	9	11
20	26	11	9	12
21	12	14	15	16
22	23	19	16	15
23	26	17	16	15
24	26	18	16	15
25	8	16	19	21
26	9	16	19	20
27	10	16	19	24
28	21	19	16	17
29	24	17	16	18
30	21	19	16	18
31	22	19	21	24
32	21	19	21	22
33	21	19	21	23
34	11	21	24	19
35	9	21	19	20
36	29	20	19	24
37	10	21	19	24
38	25	22	21	24
39	24	22	21	23
40	25	23	21	24

Dihedrals

1	3	6	3	2	1
2	20	1	2	3	4
3	20	1	2	3	5
4	2	9	6	3	2
5	33	7	6	3	2
6	33	8	6	3	2
7	2	3	6	9	12
8	1	3	6	9	10
9	1	3	6	9	11
10	1	9	6	3	4
11	32	4	3	6	7
12	32	4	3	6	8
13	1	9	6	3	5
14	32	5	3	6	7
15	32	5	3	6	8
16	4	6	9	12	13
17	33	7	6	9	12
18	32	7	6	9	10
19	32	7	6	9	11
20	33	8	6	9	12
21	32	8	6	9	10
22	32	8	6	9	11
23	29	13	12	9	10
24	29	13	12	9	11
25	19	14	15	16	19
26	20	14	15	16	17
27	20	14	15	16	18
28	15	21	19	16	15
29	42	20	19	16	15
30	43	24	19	16	15
31	14	16	19	21	24
32	13	16	19	21	22
33	13	16	19	21	23
34	16	16	19	24	21
35	13	21	19	16	17
36	36	17	16	19	20
37	37	17	16	19	24
38	13	21	19	16	18
39	36	18	16	19	20
40	37	18	16	19	24
41	30	19	24	21	22
42	30	19	24	21	23
43	41	20	19	21	24
44	36	22	21	19	20
45	36	23	21	19	20
46	17	21	24	19	20
47	37	22	21	19	24
48	37	23	21	19	24

Impropers

1	3	6	3	4	2
2	3	6	3	5	2
3	15	4	3	5	2
4	2	6	3	4	5
5	1	3	6	9	7
6	1	3	6	9	8
7	2	3	6	7	8
8	2	9	6	7	8
9	4	6	9	12	10
10	4	6	9	12	11
11	2	6	9	10	11
12	15	10	9	11	12
13	12	19	16	17	15
14	12	19	16	18	15
15	15	17	16	18	15
16	10	19	16	17	18
17	27	16	19	21	20
18	28	16	19	21	24
19	29	16	19	20	24
20	29	21	19	20	24
21	13	19	21	24	22
22	13	19	21	24	23
23	10	19	21	22	23
24	14	22	21	23	24