delete edged atoms 
34 atoms
37 bonds
76 angles
126 dihedrals
48 impropers

Types

1	2
2	7
3	2
4	5
5	1
6	5
7	5
8	2
9	5
10	2
11	5
12	2
13	2
14	2
15	5
16	1
17	5
18	5
19	2
20	5
21	1
22	5
23	5
24	2
25	5
26	2
27	5
28	2
29	5
30	6
31	2
32	5
33	2
34	2

Charges

1	0.0800
2	-0.2660
3	0.0800
4	0.0530
5	-0.1060
6	0.0530
7	0.0530
8	-0.0530
9	0.0530
10	-0.0530
11	0.0530
12	0.0800
13	-0.0530
14	-0.0530
15	0.0530
16	-0.1060
17	0.0530
18	0.0530
19	-0.0530
20	0.0530
21	-0.1060
22	0.0530
23	0.0530
24	-0.0530
25	0.0530
26	0.0800
27	0.0530
28	0.0800
29	0.0530
30	-0.2660
31	-0.0530
32	0.0530
33	0.0800
34	-0.0530

Coords

1	79.3072584017	5.6922564619	20.3115411296
2	79.7434825603	4.2987737975	20.3231188437
3	81.0822822396	4.0189579650	19.8874049862
4	81.5837256882	4.8519006445	19.3487673969
5	81.0618979742	2.7266540981	18.9476971337
6	81.4823612485	2.8922883903	17.9511690880
7	80.0771808910	2.2888209704	18.8049575229
8	81.9210657000	1.8042875678	19.7502588177
9	82.2317681801	0.9870658672	19.0957587369
10	81.2077837459	1.4028395675	21.0797767095
11	80.1849698808	1.1722522354	20.9407926585
12	81.9022995413	0.2611539089	21.7983284294
13	81.3932480079	2.6226434478	22.0118489541
14	82.0413037271	3.6557834074	21.0570064639
15	82.5189984254	4.4950246103	21.5419023680
16	83.0141879827	2.7427235882	20.2191772944
17	83.8391359412	2.3253751141	20.8617269840
18	83.5167611178	3.2475907571	19.3584458054
19	60.5356772536	18.4910520952	85.2881657987
20	59.4686810509	18.7508479710	85.5263933921
21	61.4618113713	19.7012742586	85.4679778396
22	61.3233168303	20.6311487771	84.7700146002
23	61.4137653974	20.1910285810	86.4700017381
24	62.7615152401	18.8343509929	85.1884493277
25	63.5667801614	19.5155154877	85.1424413508
26	62.3434648529	17.8223757133	86.2599296741
27	62.4915003458	18.5843982780	87.0386850792
28	61.0402926943	17.2153813785	86.0747891421
29	61.0705146680	16.2727142981	85.4835097818
30	61.9987519642	16.8928468957	87.2396316634
31	62.3767944119	18.3189818485	83.7641193745
32	62.6042753836	19.1637281248	83.0731766045
33	62.8712212966	17.0404881308	83.1562194162
34	60.8146057211	18.3025721556	83.8104513260

Bonds

1	9	1	2
2	9	3	2
3	2	5	3
4	5	3	14
5	7	3	4
6	2	5	8
7	4	5	6
8	4	5	7
9	5	8	10
10	2	16	8
11	7	8	9
12	5	10	12
13	5	10	13
14	7	10	11
15	5	13	14
16	2	16	14
17	7	14	15
18	4	16	17
19	4	16	18
20	2	21	19
21	5	19	28
22	5	19	34
23	7	19	20
24	2	21	24
25	4	21	22
26	4	21	23
27	5	24	31
28	5	24	26
29	7	24	25
30	5	26	28
31	8	26	30
32	7	26	27
33	8	28	30
34	7	28	29
35	5	31	33
36	5	31	34
37	7	31	32

Angles

1	24	1	2	3
2	7	5	3	2
3	18	14	3	2
4	33	4	3	2
5	11	3	5	8
6	13	3	5	6
7	13	3	5	7
8	14	3	14	13
9	4	16	14	3
10	16	3	14	15
11	5	5	3	4
12	16	14	3	4
13	4	5	3	14
14	4	5	8	10
15	3	5	8	16
16	5	5	8	9
17	13	8	5	6
18	31	6	5	7
19	13	8	5	7
20	14	8	10	12
21	14	8	10	13
22	16	8	10	11
23	11	8	16	14
24	13	8	16	17
25	13	8	16	18
26	16	10	8	9
27	5	16	8	9
28	4	16	8	10
29	14	10	13	14
30	16	12	10	11
31	16	13	10	11
32	14	12	10	13
33	4	16	14	13
34	16	13	14	15
35	13	14	16	17
36	13	14	16	18
37	5	16	14	15
38	31	17	16	18
39	11	19	21	24
40	13	19	21	22
41	13	19	21	23
42	14	19	28	26
43	17	19	28	30
44	16	19	28	29
45	14	19	34	31
46	5	21	19	20
47	16	28	19	20
48	16	34	19	20
49	4	21	19	28
50	4	21	19	34
51	4	21	24	31
52	4	21	24	26
53	5	21	24	25
54	13	24	21	22
55	31	22	21	23
56	13	24	21	23
57	14	24	31	33
58	14	24	31	34
59	16	24	31	32
60	14	24	26	28
61	17	24	26	30
62	16	24	26	27
63	16	31	24	25
64	16	26	24	25
65	14	26	24	31
66	17	26	28	30
67	16	26	28	29
68	23	26	30	28
69	16	28	26	27
70	32	27	26	30
71	17	28	26	30
72	14	28	19	34
73	32	29	28	30
74	16	33	31	32
75	16	34	31	32
76	14	33	31	34

Dihedrals

1	14	5	3	2	1
2	40	14	3	2	1
3	46	1	2	3	4
4	24	8	5	3	2
5	56	6	5	3	2
6	56	7	5	3	2
7	34	13	14	3	2
8	11	16	14	3	2
9	61	15	14	3	2
10	21	3	5	8	10
11	4	16	8	5	3
12	22	3	5	8	9
13	30	3	14	13	10
14	21	8	16	14	3
15	29	3	14	16	17
16	29	3	14	16	18
17	22	8	5	3	4
18	54	6	5	3	4
19	54	7	5	3	4
20	32	13	14	3	4
21	9	16	14	3	4
22	59	4	3	14	15
23	7	5	3	14	13
24	6	5	3	14	16
25	9	5	3	14	15
26	7	5	8	10	12
27	7	5	8	10	13
28	9	5	8	10	11
29	4	5	8	16	14
30	5	5	8	16	17
31	5	5	8	16	18
32	29	14	3	5	6
33	29	10	8	5	6
34	5	16	8	5	6
35	54	6	5	8	9
36	29	14	3	5	7
37	29	10	8	5	7
38	5	16	8	5	7
39	54	7	5	8	9
40	21	8	5	3	14
41	30	8	10	13	14
42	21	8	16	14	13
43	22	8	16	14	15
44	32	12	10	8	9
45	32	13	10	8	9
46	59	9	8	10	11
47	22	14	16	8	9
48	54	17	16	8	9
49	54	18	16	8	9
50	21	14	16	8	10
51	29	10	8	16	17
52	29	10	8	16	18
53	7	16	14	13	10
54	32	10	13	14	15
55	9	16	8	10	11
56	32	14	13	10	11
57	7	16	8	10	12
58	30	12	10	13	14
59	29	13	14	16	17
60	29	13	14	16	18
61	7	16	8	10	13
62	54	17	16	14	15
63	54	18	16	14	15
64	21	19	21	24	31
65	21	19	21	24	26
66	22	19	21	24	25
67	30	19	28	26	24
68	33	19	28	26	30
69	32	19	28	26	27
70	39	19	28	30	26
71	30	19	34	31	24
72	30	19	34	31	33
73	32	19	34	31	32
74	22	24	21	19	20
75	54	22	21	19	20
76	54	23	21	19	20
77	32	26	28	19	20
78	60	20	19	28	30
79	59	20	19	28	29
80	32	31	34	19	20
81	7	21	19	28	26
82	10	21	19	28	30
83	9	21	19	28	29
84	7	21	19	34	31
85	7	21	24	31	33
86	7	21	24	31	34
87	9	21	24	31	32
88	7	21	24	26	28
89	10	21	24	26	30
90	9	21	24	26	27
91	29	28	19	21	22
92	29	34	19	21	22
93	29	31	24	21	22
94	29	26	24	21	22
95	54	22	21	24	25
96	29	28	19	21	23
97	29	34	19	21	23
98	29	31	24	21	23
99	29	26	24	21	23
100	54	23	21	24	25
101	21	24	21	19	28
102	21	24	21	19	34
103	33	24	26	28	30
104	32	24	26	28	29
105	39	24	26	30	28
106	32	33	31	24	25
107	32	34	31	24	25
108	59	25	24	31	32
109	32	28	26	24	25
110	60	25	24	26	30
111	59	25	24	26	27
112	30	26	24	31	33
113	30	26	24	31	34
114	32	26	24	31	32
115	30	26	28	19	34
116	45	26	30	28	29
117	32	31	24	26	27
118	60	27	26	28	30
119	59	27	26	28	29
120	45	28	30	26	27
121	30	28	26	24	31
122	30	28	19	34	31
123	60	29	28	26	30
124	32	34	19	28	29
125	33	34	19	28	30
126	33	31	24	26	30

Impropers

1	13	5	3	14	2
2	16	5	3	4	2
3	30	14	3	4	2
4	11	5	3	14	4
5	4	3	5	8	6
6	4	3	5	8	7
7	6	3	5	6	7
8	6	8	5	6	7
9	8	16	8	5	10
10	11	5	8	10	9
11	9	5	8	16	9
12	14	16	8	9	10
13	21	8	10	12	13
14	23	8	10	12	11
15	23	8	10	13	11
16	23	12	10	13	11
17	10	16	14	3	13
18	14	16	14	15	13
19	23	13	14	3	15
20	11	16	14	3	15
21	4	14	16	8	17
22	4	14	16	8	18
23	6	14	16	17	18
24	6	8	16	17	18
25	10	21	19	28	34
26	11	21	19	28	20
27	11	21	19	34	20
28	23	28	19	34	20
29	4	19	21	24	22
30	4	19	21	24	23
31	6	19	21	22	23
32	6	24	21	22	23
33	10	21	24	31	26
34	11	21	24	31	25
35	11	21	24	26	25
36	23	31	24	26	25
37	24	24	26	28	30
38	23	24	26	28	27
39	32	24	26	30	27
40	32	28	26	30	27
41	24	19	28	26	30
42	32	26	28	30	29
43	23	26	28	19	29
44	29	19	28	29	30
45	21	24	31	33	34
46	23	24	31	33	32
47	23	24	31	34	32
48	23	33	31	34	32