Mody lammps parameter 2023-03-11 16:59:54.730452
74 atoms
85 bonds
186 angles
348 dihedrals
120 impropers

Types

1 8
2 4
3 2
4 5
5 2
6 5
7 7
8 2
9 5
10 2
11 5
12 7
13 2
14 5
15 1
16 5
17 5
18 2
19 5
20 2
21 5
22 2
23 5
24 6
25 2
26 5
27 1
28 5
29 5
30 2
31 5
32 2
33 5
34 1
35 5
36 5
37 2
38 5
39 2
40 5
41 2
42 5
43 6
44 2
45 5
46 1
47 5
48 5
49 2
50 5
51 2
52 5
53 1
54 5
55 5
56 2
57 5
58 2
59 5
60 2
61 5
62 6
63 2
64 5
65 1
66 5
67 5
68 2
69 5
70 2
71 5
72 1
73 5
74 5

Charges

1 -0.5571
2 0.4241
3 0.0800
4 0.0530
5 0.0800
6 0.0530
7 -0.2660
8 0.0800
9 0.0530
10 0.0800
11 0.0530
12 -0.2660
13 0.0800
14 0.0530
15 -0.1060
16 0.0530
17 0.0530
18 -0.0530
19 0.0530
20 -0.0530
21 0.0530
22 0.0800
23 0.0530
24 -0.2660
25 0.0800
26 0.0530
27 -0.1060
28 0.0530
29 0.0530
30 -0.0530
31 0.0530
32 -0.0530
33 0.0530
34 -0.1060
35 0.0530
36 0.0530
37 -0.0530
38 0.0530
39 -0.0530
40 0.0530
41 0.0800
42 0.0530
43 -0.2660
44 0.0800
45 0.0530
46 -0.1060
47 0.0530
48 0.0530
49 -0.0530
50 0.0530
51 -0.0530
52 0.0530
53 -0.1060
54 0.0530
55 0.0530
56 -0.0530
57 0.0530
58 -0.0530
59 0.0530
60 0.0800
61 0.0530
62 -0.2660
63 0.0800
64 0.0530
65 -0.1060
66 0.0530
67 0.0530
68 -0.0530
69 0.0530
70 -0.0530
71 0.0530
72 -0.1060
73 0.0530
74 0.0530

Coords

1 58.9472067225 24.2937194450 64.4462368926
2 59.1418406394 24.4067867301 65.3648370221
3 57.8018971110 25.0738438729 64.0719978749
4 58.2244176206 26.1656125615 64.0080723211
5 56.5450834283 24.9663190804 64.8807043644
6 56.6090604156 24.2432750456 65.7035473492
7 56.2432395009 26.2187636727 65.4439881447
8 55.3212001294 26.0509342375 66.5163529286
9 54.5570939081 25.6111972414 65.9825020377
10 54.6108945342 27.3722005882 66.9706353751
11 53.7305949380 27.6645497859 66.4060218204
12 55.4132719256 28.5130544801 67.0802739763
13 56.2767069002 29.0813988345 66.1835724162
14 57.1718086376 28.4724083625 65.8953257500
15 55.6954936666 29.7451864138 64.8652946307
16 56.1070121118 29.3495031707 63.9254947147
17 54.5377487240 29.5973679174 64.8231459610
18 56.0407578634 31.2337113908 65.1118658398
19 55.4105018084 31.9037049030 64.4914690456
20 57.5780582331 31.5251875292 65.1111674815
21 58.0345280183 30.8958562588 64.3365688703
22 57.8079061225 33.0128214155 64.9862366612
23 57.3940757400 33.5223918272 64.1297478789
24 59.1900260560 33.1600020813 65.1900705378
25 58.2953008095 33.5160474591 66.2742642114
26 58.3663152646 34.6129223242 66.4992355558
27 58.2962386880 32.3308493122 67.3371934382
28 57.4490471710 32.5875454288 67.9830268252
29 59.1956218541 32.2451528233 67.9957314094
30 57.9759286722 31.0065851865 66.4885383937
31 58.8203838882 30.3028681853 66.5524093196
32 56.6769511029 30.3171788994 67.0208846193
33 56.8826741809 30.1865145866 68.1130942068
34 55.5786992514 31.2890849416 66.5807607481
35 54.5095541106 30.9352038877 66.7852164891
36 55.7158452979 32.2163631704 67.0548929895
37 54.2367932340 27.0843974430 68.4143961606
38 53.7237961873 27.9493272636 68.9146028838
39 53.3212624653 25.8689841972 68.5961546452
40 53.1583434098 25.8247881484 69.7003883247
41 52.0078109054 25.5337870719 67.9636376136
42 51.5452086878 25.9522433317 67.0839622549
43 51.0553223640 24.9873133278 68.9557052127
44 51.8913515616 24.0727749004 68.1986249219
45 51.4202427310 23.3569983305 67.5621347791
46 53.2952722840 23.4830763160 68.7337706377
47 53.2111980649 23.4066850632 69.8294571380
48 53.4640684714 22.4330019863 68.2699775771
49 54.1352834697 24.5909851460 68.1050828880
50 53.9326045995 24.4049147326 67.0241152272
51 55.6177660783 25.2872119967 67.9506708259
52 56.6502168020 24.8785794303 67.8746566091
53 55.5680620613 26.4653971413 68.9760101829
54 56.4663883951 27.1621327727 68.8687175988
55 55.5399867393 26.2396052150 70.0186668362
56 55.5036264884 24.5001566742 63.7956360908
57 54.4377695668 24.5049624977 64.0892867988
58 55.9186732975 23.0117917479 63.1755231199
59 56.1432153945 22.2772924607 63.9975658169
60 54.9050629501 22.3841753132 62.1991236589
61 53.8692300419 22.3870381222 62.4756989881
62 55.4538023320 21.1710841789 61.6332916093
63 55.3778066971 22.4077377803 60.8176958652
64 54.8482731908 22.3592412080 59.8940111794
65 56.7610848915 23.1390024498 60.8255743600
66 56.7406036897 24.1428870229 60.3625493301
67 57.4699954227 22.6333152438 60.2117823761
68 57.1558344875 23.4003834689 62.3649949297
69 58.0107204304 22.8269556640 62.5997437812
70 57.3672154528 24.9052197941 62.6029188744
71 58.0992648474 25.3507087307 61.8859250477
72 55.8999690295 25.4145622760 62.6374461080
73 55.2939509236 25.3487290550 61.7211247052
74 55.8458126088 26.4684196874 62.9241256490

Bonds

1 10 3 1
2 14 2 1
3 5 3 5
4 5 3 70
5 7 3 4
6 5 5 56
7 9 5 7
8 7 5 6
9 9 8 7
10 5 8 10
11 5 8 51
12 7 8 9
13 5 10 37
14 9 10 12
15 7 10 11
16 9 13 12
17 2 15 13
18 5 13 32
19 7 13 14
20 2 15 18
21 4 15 16
22 4 15 17
23 5 18 20
24 2 34 18
25 7 18 19
26 5 20 22
27 5 20 30
28 7 20 21
29 5 22 25
30 8 22 24
31 7 22 23
32 8 25 24
33 2 27 25
34 7 25 26
35 2 27 30
36 4 27 28
37 4 27 29
38 5 30 32
39 7 30 31
40 2 34 32
41 7 32 33
42 4 34 35
43 4 34 36
44 5 37 39
45 2 53 37
46 7 37 38
47 5 39 41
48 5 39 49
49 7 39 40
50 5 41 44
51 8 41 43
52 7 41 42
53 8 44 43
54 2 46 44
55 7 44 45
56 2 46 49
57 4 46 47
58 4 46 48
59 5 49 51
60 7 49 50
61 2 53 51
62 7 51 52
63 4 53 54
64 4 53 55
65 5 56 58
66 2 72 56
67 7 56 57
68 5 58 60
69 5 58 68
70 7 58 59
71 5 60 63
72 8 60 62
73 7 60 61
74 8 63 62
75 2 65 63
76 7 63 64
77 2 65 68
78 4 65 66
79 4 65 67
80 5 68 70
81 7 68 69
82 2 72 70
83 7 70 71
84 4 72 73
85 4 72 74

Angles

1 19 5 3 1
2 19 70 3 1
3 34 4 3 1
4 25 3 1 2
5 14 3 5 56
6 18 3 5 7
7 16 3 5 6
8 14 3 70 68
9 4 72 70 3
10 16 3 70 71
11 16 5 3 4
12 16 70 3 4
13 14 5 3 70
14 14 5 56 58
15 4 72 56 5
16 16 5 56 57
17 24 5 7 8
18 16 56 5 6
19 33 6 5 7
20 18 56 5 7
21 18 10 8 7
22 18 51 8 7
23 33 9 8 7
24 14 8 10 37
25 18 8 10 12
26 16 8 10 11
27 14 8 51 49
28 4 53 51 8
29 16 8 51 52
30 16 10 8 9
31 16 51 8 9
32 14 10 8 51
33 14 10 37 39
34 4 53 37 10
35 16 10 37 38
36 24 10 12 13
37 16 37 10 11
38 33 11 10 12
39 18 37 10 12
40 7 15 13 12
41 18 32 13 12
42 33 14 13 12
43 11 13 15 18
44 13 13 15 16
45 13 13 15 17
46 14 13 32 30
47 4 34 32 13
48 16 13 32 33
49 5 15 13 14
50 16 32 13 14
51 4 15 13 32
52 4 15 18 20
53 3 15 18 34
54 5 15 18 19
55 13 18 15 16
56 31 16 15 17
57 13 18 15 17
58 14 18 20 22
59 14 18 20 30
60 16 18 20 21
61 11 18 34 32
62 13 18 34 35
63 13 18 34 36
64 16 20 18 19
65 5 34 18 19
66 4 34 18 20
67 14 20 22 25
68 17 20 22 24
69 16 20 22 23
70 4 27 30 20
71 14 20 30 32
72 16 20 30 31
73 16 22 20 21
74 16 30 20 21
75 14 22 20 30
76 4 27 25 22
77 17 22 25 24
78 16 22 25 26
79 23 22 24 25
80 16 25 22 23
81 32 23 22 24
82 17 25 22 24
83 6 27 25 24
84 32 26 25 24
85 11 25 27 30
86 13 25 27 28
87 13 25 27 29
88 5 27 25 26
89 4 27 30 32
90 5 27 30 31
91 13 30 27 28
92 31 28 27 29
93 13 30 27 29
94 4 34 32 30
95 16 30 32 33
96 16 32 30 31
97 13 32 34 35
98 13 32 34 36
99 5 34 32 33
100 31 35 34 36
101 14 37 39 41
102 14 37 39 49
103 16 37 39 40
104 11 37 53 51
105 13 37 53 54
106 13 37 53 55
107 16 39 37 38
108 5 53 37 38
109 4 53 37 39
110 14 39 41 44
111 17 39 41 43
112 16 39 41 42
113 4 46 49 39
114 14 39 49 51
115 16 39 49 50
116 16 41 39 40
117 16 49 39 40
118 14 41 39 49
119 4 46 44 41
120 17 41 44 43
121 16 41 44 45
122 23 41 43 44
123 16 44 41 42
124 32 42 41 43
125 17 44 41 43
126 6 46 44 43
127 32 45 44 43
128 11 44 46 49
129 13 44 46 47
130 13 44 46 48
131 5 46 44 45
132 4 46 49 51
133 5 46 49 50
134 13 49 46 47
135 31 47 46 48
136 13 49 46 48
137 4 53 51 49
138 16 49 51 52
139 16 51 49 50
140 13 51 53 54
141 13 51 53 55
142 5 53 51 52
143 31 54 53 55
144 14 56 58 60
145 14 56 58 68
146 16 56 58 59
147 11 56 72 70
148 13 56 72 73
149 13 56 72 74
150 16 58 56 57
151 5 72 56 57
152 4 72 56 58
153 14 58 60 63
154 17 58 60 62
155 16 58 60 61
156 4 65 68 58
157 14 58 68 70
158 16 58 68 69
159 16 60 58 59
160 16 68 58 59
161 14 60 58 68
162 4 65 63 60
163 17 60 63 62
164 16 60 63 64
165 23 60 62 63
166 16 63 60 61
167 32 61 60 62
168 17 63 60 62
169 6 65 63 62
170 32 64 63 62
171 11 63 65 68
172 13 63 65 66
173 13 63 65 67
174 5 65 63 64
175 4 65 68 70
176 5 65 68 69
177 13 68 65 66
178 31 66 65 67
179 13 68 65 67
180 4 72 70 68
181 16 68 70 71
182 16 70 68 69
183 13 70 72 73
184 13 70 72 74
185 5 72 70 71
186 31 73 72 74

Dihedrals

1 35 56 5 3 1
2 68 7 5 3 1
3 62 6 5 3 1
4 35 68 70 3 1
5 12 72 70 3 1
6 62 71 70 3 1
7 41 5 3 1 2
8 41 70 3 1 2
9 52 2 1 3 4
10 30 3 5 56 58
11 7 72 56 5 3
12 32 3 5 56 57
13 40 3 5 7 8
14 7 65 68 70 3
15 30 3 70 68 58
16 32 3 70 68 69
17 21 56 72 70 3
18 29 3 70 72 73
19 29 3 70 72 74
20 32 56 5 3 4
21 61 4 3 5 7
22 59 4 3 5 6
23 32 68 70 3 4
24 9 72 70 3 4
25 59 4 3 70 71
26 30 5 3 70 68
27 7 72 70 3 5
28 32 5 3 70 71
29 30 5 56 58 60
30 30 5 56 58 68
31 32 5 56 58 59
32 21 70 72 56 5
33 29 5 56 72 73
34 29 5 56 72 74
35 40 10 8 7 5
36 40 51 8 7 5
37 46 5 7 8 9
38 32 70 3 5 6
39 32 58 56 5 6
40 9 72 56 5 6
41 59 6 5 56 57
42 46 8 7 5 6
43 34 70 3 5 7
44 34 58 56 5 7
45 11 72 56 5 7
46 61 57 56 5 7
47 34 37 10 8 7
48 67 7 8 10 12
49 61 11 10 8 7
50 34 49 51 8 7
51 11 53 51 8 7
52 61 52 51 8 7
53 40 56 5 7 8
54 30 8 10 37 39
55 7 53 37 10 8
56 32 8 10 37 38
57 40 8 10 12 13
58 7 46 49 51 8
59 30 8 51 49 39
60 32 8 51 49 50
61 21 37 53 51 8
62 29 8 51 53 54
63 29 8 51 53 55
64 32 37 10 8 9
65 61 9 8 10 12
66 59 9 8 10 11
67 32 49 51 8 9
68 9 53 51 8 9
69 59 9 8 51 52
70 30 10 8 51 49
71 7 53 51 8 10
72 32 10 8 51 52
73 30 10 37 39 41
74 30 10 37 39 49
75 32 10 37 39 40
76 21 51 53 37 10
77 29 10 37 53 54
78 29 10 37 53 55
79 14 15 13 12 10
80 40 32 13 12 10
81 46 10 12 13 14
82 32 51 8 10 11
83 32 39 37 10 11
84 9 53 37 10 11
85 59 11 10 37 38
86 46 13 12 10 11
87 34 51 8 10 12
88 34 39 37 10 12
89 11 53 37 10 12
90 61 38 37 10 12
91 24 18 15 13 12
92 56 16 15 13 12
93 56 17 15 13 12
94 34 30 32 13 12
95 11 34 32 13 12
96 61 33 32 13 12
97 40 37 10 12 13
98 21 13 15 18 20
99 4 34 18 15 13
100 22 13 15 18 19
101 7 27 30 32 13
102 30 13 32 30 20
103 32 13 32 30 31
104 21 18 34 32 13
105 29 13 32 34 35
106 29 13 32 34 36
107 22 18 15 13 14
108 54 16 15 13 14
109 54 17 15 13 14
110 32 30 32 13 14
111 9 34 32 13 14
112 59 14 13 32 33
113 7 15 13 32 30
114 6 15 13 32 34
115 9 15 13 32 33
116 7 15 18 20 22
117 7 15 18 20 30
118 9 15 18 20 21
119 4 15 18 34 32
120 5 15 18 34 35
121 5 15 18 34 36
122 29 32 13 15 16
123 29 20 18 15 16
124 5 34 18 15 16
125 54 16 15 18 19
126 29 32 13 15 17
127 29 20 18 15 17
128 5 34 18 15 17
129 54 17 15 18 19
130 21 18 15 13 32
131 30 18 20 22 25
132 33 18 20 22 24
133 32 18 20 22 23
134 7 27 30 20 18
135 30 18 20 30 32
136 32 18 20 30 31
137 21 18 34 32 30
138 22 18 34 32 33
139 32 22 20 18 19
140 32 30 20 18 19
141 59 19 18 20 21
142 22 32 34 18 19
143 54 35 34 18 19
144 54 36 34 18 19
145 21 32 34 18 20
146 29 20 18 34 35
147 29 20 18 34 36
148 7 27 25 22 20
149 33 20 22 25 24
150 32 20 22 25 26
151 39 20 22 24 25
152 21 25 27 30 20
153 29 20 30 27 28
154 29 20 30 27 29
155 7 34 32 30 20
156 32 20 30 32 33
157 9 34 18 20 21
158 32 25 22 20 21
159 60 21 20 22 24
160 59 21 20 22 23
161 9 27 30 20 21
162 32 32 30 20 21
163 59 21 20 30 31
164 7 34 18 20 22
165 7 27 30 20 22
166 30 22 20 30 32
167 32 22 20 30 31
168 21 30 27 25 22
169 29 22 25 27 28
170 29 22 25 27 29
171 13 27 25 24 22
172 45 22 24 25 26
173 32 30 20 22 23
174 9 27 25 22 23
175 60 23 22 25 24
176 59 23 22 25 26
177 45 25 24 22 23
178 33 30 20 22 24
179 10 27 25 22 24
180 60 26 25 22 24
181 23 30 27 25 24
182 55 28 27 25 24
183 55 29 27 25 24
184 30 25 22 20 30
185 21 25 27 30 32
186 22 25 27 30 31
187 22 30 27 25 26
188 54 28 27 25 26
189 54 29 27 25 26
190 6 27 30 32 34
191 9 27 30 32 33
192 29 32 30 27 28
193 54 28 27 30 31
194 29 32 30 27 29
195 54 29 27 30 31
196 29 30 32 34 35
197 29 30 32 34 36
198 7 34 18 20 30
199 9 34 32 30 31
200 59 31 30 32 33
201 54 35 34 32 33
202 54 36 34 32 33
203 30 37 10 8 51
204 30 37 39 41 44
205 33 37 39 41 43
206 32 37 39 41 42
207 7 46 49 39 37
208 30 37 39 49 51
209 32 37 39 49 50
210 21 37 53 51 49
211 22 37 53 51 52
212 32 41 39 37 38
213 32 49 39 37 38
214 59 38 37 39 40
215 22 51 53 37 38
216 54 54 53 37 38
217 54 55 53 37 38
218 21 51 53 37 39
219 29 39 37 53 54
220 29 39 37 53 55
221 7 46 44 41 39
222 33 39 41 44 43
223 32 39 41 44 45
224 39 39 41 43 44
225 21 44 46 49 39
226 29 39 49 46 47
227 29 39 49 46 48
228 7 53 51 49 39
229 32 39 49 51 52
230 9 53 37 39 40
231 32 44 41 39 40
232 60 40 39 41 43
233 59 40 39 41 42
234 9 46 49 39 40
235 32 51 49 39 40
236 59 40 39 49 50
237 7 53 37 39 41
238 7 46 49 39 41
239 30 41 39 49 51
240 32 41 39 49 50
241 21 49 46 44 41
242 29 41 44 46 47
243 29 41 44 46 48
244 13 46 44 43 41
245 45 41 43 44 45
246 32 49 39 41 42
247 9 46 44 41 42
248 60 42 41 44 43
249 59 42 41 44 45
250 45 44 43 41 42
251 33 49 39 41 43
252 10 46 44 41 43
253 60 45 44 41 43
254 23 49 46 44 43
255 55 47 46 44 43
256 55 48 46 44 43
257 30 44 41 39 49
258 21 44 46 49 51
259 22 44 46 49 50
260 22 49 46 44 45
261 54 47 46 44 45
262 54 48 46 44 45
263 6 46 49 51 53
264 9 46 49 51 52
265 29 51 49 46 47
266 54 47 46 49 50
267 29 51 49 46 48
268 54 48 46 49 50
269 29 49 51 53 54
270 29 49 51 53 55
271 7 53 37 39 49
272 9 53 51 49 50
273 59 50 49 51 52
274 54 54 53 51 52
275 54 55 53 51 52
276 30 56 5 3 70
277 30 56 58 60 63
278 33 56 58 60 62
279 32 56 58 60 61
280 7 65 68 58 56
281 30 56 58 68 70
282 32 56 58 68 69
283 21 56 72 70 68
284 22 56 72 70 71
285 32 60 58 56 57
286 32 68 58 56 57
287 59 57 56 58 59
288 22 70 72 56 57
289 54 73 72 56 57
290 54 74 72 56 57
291 21 70 72 56 58
292 29 58 56 72 73
293 29 58 56 72 74
294 7 65 63 60 58
295 33 58 60 63 62
296 32 58 60 63 64
297 39 58 60 62 63
298 21 63 65 68 58
299 29 58 68 65 66
300 29 58 68 65 67
301 7 72 70 68 58
302 32 58 68 70 71
303 9 72 56 58 59
304 32 63 60 58 59
305 60 59 58 60 62
306 59 59 58 60 61
307 9 65 68 58 59
308 32 70 68 58 59
309 59 59 58 68 69
310 7 72 56 58 60
311 7 65 68 58 60
312 30 60 58 68 70
313 32 60 58 68 69
314 21 68 65 63 60
315 29 60 63 65 66
316 29 60 63 65 67
317 13 65 63 62 60
318 45 60 62 63 64
319 32 68 58 60 61
320 9 65 63 60 61
321 60 61 60 63 62
322 59 61 60 63 64
323 45 63 62 60 61
324 33 68 58 60 62
325 10 65 63 60 62
326 60 64 63 60 62
327 23 68 65 63 62
328 55 66 65 63 62
329 55 67 65 63 62
330 30 63 60 58 68
331 21 63 65 68 70
332 22 63 65 68 69
333 22 68 65 63 64
334 54 66 65 63 64
335 54 67 65 63 64
336 6 65 68 70 72
337 9 65 68 70 71
338 29 70 68 65 66
339 54 66 65 68 69
340 29 70 68 65 67
341 54 67 65 68 69
342 29 68 70 72 73
343 29 68 70 72 74
344 7 72 56 58 68
345 9 72 70 68 69
346 59 69 68 70 71
347 54 73 72 70 71
348 54 74 72 70 71

Impropers

1 26 5 3 70 1
2 31 5 3 4 1
3 31 70 3 4 1
4 23 5 3 70 4
5 25 3 5 56 7
6 23 3 5 56 6
7 33 3 5 7 6
8 33 56 5 7 6
9 25 10 8 51 7
10 30 10 8 9 7
11 30 51 8 9 7
12 23 10 8 51 9
13 25 8 10 37 12
14 23 8 10 37 11
15 33 8 10 12 11
16 33 37 10 12 11
17 13 15 13 32 12
18 16 15 13 14 12
19 30 32 13 14 12
20 11 15 13 32 14
21 4 13 15 18 16
22 4 13 15 18 17
23 6 13 15 16 17
24 6 18 15 16 17
25 8 34 18 15 20
26 11 15 18 20 19
27 9 15 18 34 19
28 14 34 18 19 20
29 21 18 20 22 30
30 23 18 20 22 21
31 23 18 20 30 21
32 23 22 20 30 21
33 24 20 22 25 24
34 23 20 22 25 23
35 32 20 22 24 23
36 32 25 22 24 23
37 17 27 25 24 22
38 14 27 25 26 22
39 32 22 25 24 26
40 18 27 25 24 26
41 4 25 27 30 28
42 4 25 27 30 29
43 6 25 27 28 29
44 6 30 27 28 29
45 10 27 30 32 20
46 11 27 30 32 31
47 11 27 30 20 31
48 23 32 30 20 31
49 10 34 32 13 30
50 14 34 32 33 30
51 23 30 32 13 33
52 11 34 32 13 33
53 4 32 34 18 35
54 4 32 34 18 36
55 6 32 34 35 36
56 6 18 34 35 36
57 10 53 37 10 39
58 23 10 37 39 38
59 14 53 37 38 10
60 14 53 37 38 39
61 21 37 39 41 49
62 23 37 39 41 40
63 23 37 39 49 40
64 23 41 39 49 40
65 24 39 41 44 43
66 23 39 41 44 42
67 32 39 41 43 42
68 32 44 41 43 42
69 17 46 44 43 41
70 14 46 44 45 41
71 32 41 44 43 45
72 18 46 44 43 45
73 4 44 46 49 47
74 4 44 46 49 48
75 6 44 46 47 48
76 6 49 46 47 48
77 10 46 49 51 39
78 11 46 49 51 50
79 11 46 49 39 50
80 23 51 49 39 50
81 10 53 51 8 49
82 14 53 51 52 49
83 23 49 51 8 52
84 11 53 51 8 52
85 4 51 53 37 54
86 4 51 53 37 55
87 6 51 53 54 55
88 6 37 53 54 55
89 10 72 56 5 58
90 23 5 56 58 57
91 14 72 56 57 5
92 14 72 56 57 58
93 21 56 58 60 68
94 23 56 58 60 59
95 23 56 58 68 59
96 23 60 58 68 59
97 24 58 60 63 62
98 23 58 60 63 61
99 32 58 60 62 61
100 32 63 60 62 61
101 17 65 63 62 60
102 14 65 63 64 60
103 32 60 63 62 64
104 18 65 63 62 64
105 4 63 65 68 66
106 4 63 65 68 67
107 6 63 65 66 67
108 6 68 65 66 67
109 10 65 68 70 58
110 11 65 68 70 69
111 11 65 68 58 69
112 23 70 68 58 69
113 10 72 70 3 68
114 14 72 70 71 68
115 23 68 70 3 71
116 11 72 70 3 71
117 4 70 72 56 73
118 4 70 72 56 74
119 6 70 72 73 74
120 6 56 72 73 74
