Mody lammps parameter 2023-03-11 16:59:54.728894
74 atoms
85 bonds
186 angles
345 dihedrals
120 impropers

Types

1 8
2 4
3 2
4 5
5 2
6 5
7 7
8 2
9 5
10 1
11 5
12 5
13 2
14 5
15 2
16 5
17 2
18 5
19 6
20 2
21 5
22 1
23 5
24 5
25 2
26 5
27 2
28 5
29 1
30 5
31 5
32 2
33 5
34 2
35 5
36 2
37 5
38 6
39 2
40 5
41 1
42 5
43 5
44 2
45 5
46 2
47 5
48 1
49 5
50 5
51 2
52 5
53 1
54 5
55 5
56 2
57 5
58 2
59 5
60 2
61 5
62 6
63 2
64 5
65 2
66 5
67 6
68 2
69 5
70 1
71 5
72 5
73 2
74 5

Charges

1 -0.5571
2 0.4241
3 0.0800
4 0.0530
5 0.0800
6 0.0530
7 -0.2660
8 0.0800
9 0.0530
10 -0.1060
11 0.0530
12 0.0530
13 -0.0530
14 0.0530
15 -0.0530
16 0.0530
17 0.0800
18 0.0530
19 -0.2660
20 0.0800
21 0.0530
22 -0.1060
23 0.0530
24 0.0530
25 -0.0530
26 0.0530
27 -0.0530
28 0.0530
29 -0.1060
30 0.0530
31 0.0530
32 -0.0530
33 0.0530
34 -0.0530
35 0.0530
36 0.0800
37 0.0530
38 -0.2660
39 0.0800
40 0.0530
41 -0.1060
42 0.0530
43 0.0530
44 -0.0530
45 0.0530
46 -0.0530
47 0.0530
48 -0.1060
49 0.0530
50 0.0530
51 -0.0530
52 0.0530
53 -0.1060
54 0.0530
55 0.0530
56 -0.0530
57 0.0530
58 0.0800
59 0.0530
60 0.0800
61 0.0530
62 -0.2660
63 -0.0530
64 0.0530
65 0.0800
66 0.0530
67 -0.2660
68 0.0800
69 0.0530
70 -0.1060
71 0.0530
72 0.0530
73 -0.0530
74 0.0530

Coords

1 76.8275457008 6.1126028349 20.6835191816
2 76.9186464512 6.5702177437 19.8719279138
3 78.0589868478 5.8218627015 21.3059341169
4 77.8905403388 4.8743469520 21.8347323539
5 79.3072584017 5.6922564619 20.3115411296
6 79.0605764360 6.1324250458 19.2986311794
7 79.7434825603 4.2987737975 20.3231188437
8 81.0822822396 4.0189579650 19.8874049862
9 81.5837256882 4.8519006445 19.3487673969
10 81.0618979742 2.7266540981 18.9476971337
11 81.4823612485 2.8922883903 17.9511690880
12 80.0771808910 2.2888209704 18.8049575229
13 81.9210657000 1.8042875678 19.7502588177
14 82.2317681801 0.9870658672 19.0957587369
15 81.2077837459 1.4028395675 21.0797767095
16 80.1849698808 1.1722522354 20.9407926585
17 81.9022995413 0.2611539089 21.7983284294
18 82.4976388285 -0.5324079132 21.2846586993
19 81.2501684158 -0.0698299322 23.0213833429
20 82.4439880358 0.7634421249 23.1350885990
21 83.2387329695 0.3297951168 23.6546968831
22 82.2640150835 2.2740675694 23.3040460249
23 81.7340158038 2.5764396787 24.1730230634
24 83.2945536503 2.6197512240 23.3714540904
25 81.3932480079 2.6226434478 22.0118489541
26 80.4216906030 2.9311180663 22.4031941955
27 82.0413037271 3.6557834074 21.0570064639
28 82.5189984254 4.4950246103 21.5419023680
29 83.0141879827 2.7427235882 20.2191772944
30 83.8391359412 2.3253751141 20.8617269840
31 83.5167611178 3.2475907571 19.3584458054
32 80.3072881886 6.5644211286 21.1265284103
33 81.3179637357 6.2377438139 20.9436878735
34 80.0058211486 8.0256935517 20.8751665763
35 80.7180641226 8.4761237827 21.5962784113
36 80.1536856010 8.9425620743 19.6628459146
37 81.0702041595 9.0209037839 19.0661378354
38 78.9293991473 9.4036479078 19.0966002389
39 79.4090255872 10.1400124072 20.2288140074
40 79.7379202132 11.2037021317 20.0561815273
41 78.6175975051 9.8420849119 21.6050920107
42 79.2172177360 10.2269507811 22.4012519458
43 77.5907269777 10.2809522897 21.6941806255
44 78.5853944031 8.2888202768 21.4805979892
45 77.7428715334 8.2182198646 20.7457116652
46 78.4232951407 6.9447228995 22.3526709900
47 77.7203243049 7.1026824855 23.1603133864
48 79.8153651005 6.4608093275 22.6407295487
49 79.8912355027 5.5631086420 23.2242560016
50 80.4038883405 7.2007633905 23.1358238649
51 60.5356772536 18.4910520952 85.2881657987
52 59.4686810509 18.7508479710 85.5263933921
53 61.4618113713 19.7012742586 85.4679778396
54 61.3233168303 20.6311487771 84.7700146002
55 61.4137653974 20.1910285810 86.4700017381
56 62.7615152401 18.8343509929 85.1884493277
57 63.5667801614 19.5155154877 85.1424413508
58 62.3434648529 17.8223757133 86.2599296741
59 62.4915003458 18.5843982780 87.0386850792
60 61.0402926943 17.2153813785 86.0747891421
61 61.0705146680 16.2727142981 85.4835097818
62 61.9987519642 16.8928468957 87.2396316634
63 62.3767944119 18.3189818485 83.7641193745
64 62.6042753836 19.1637281248 83.0731766045
65 62.8712212966 17.0404881308 83.1562194162
66 63.8354867632 16.9596267360 82.6080158890
67 62.5175463392 15.8481183221 83.8449666378
68 61.6875400560 16.2421940238 82.7144836137
69 61.6175278469 15.5340159927 81.8280451579
70 60.3745169003 16.9613117671 83.1551208000
71 59.6899673962 16.3054445302 83.7115601485
72 59.7658337021 17.1187971987 82.2974322948
73 60.8146057211 18.3025721556 83.8104513260
74 60.3899703843 19.1392881653 83.1953014405

Bonds

1 10 3 1
2 14 2 1
3 5 3 5
4 5 3 46
5 7 3 4
6 5 5 32
7 9 5 7
8 7 5 6
9 9 8 7
10 2 10 8
11 5 8 27
12 7 8 9
13 2 10 13
14 4 10 11
15 4 10 12
16 5 13 15
17 2 29 13
18 7 13 14
19 5 15 17
20 5 15 25
21 7 15 16
22 5 17 20
23 8 17 19
24 7 17 18
25 8 20 19
26 2 22 20
27 7 20 21
28 2 22 25
29 4 22 23
30 4 22 24
31 5 25 27
32 7 25 26
33 2 29 27
34 7 27 28
35 4 29 30
36 4 29 31
37 5 32 34
38 2 48 32
39 7 32 33
40 5 34 36
41 5 34 44
42 7 34 35
43 5 36 39
44 8 36 38
45 7 36 37
46 8 39 38
47 2 41 39
48 7 39 40
49 2 41 44
50 4 41 42
51 4 41 43
52 5 44 46
53 7 44 45
54 2 48 46
55 7 46 47
56 4 48 49
57 4 48 50
58 2 53 51
59 5 51 60
60 5 51 73
61 7 51 52
62 2 53 56
63 4 53 54
64 4 53 55
65 5 56 63
66 5 56 58
67 7 56 57
68 5 58 60
69 8 58 62
70 7 58 59
71 8 60 62
72 7 60 61
73 5 63 65
74 5 63 73
75 7 63 64
76 5 65 68
77 8 65 67
78 7 65 66
79 8 68 67
80 2 70 68
81 7 68 69
82 2 70 73
83 4 70 71
84 4 70 72
85 7 73 74

Angles

1 19 5 3 1
2 19 46 3 1
3 34 4 3 1
4 25 3 1 2
5 14 3 5 32
6 18 3 5 7
7 16 3 5 6
8 14 3 46 44
9 4 48 46 3
10 16 3 46 47
11 16 5 3 4
12 16 46 3 4
13 14 5 3 46
14 14 5 32 34
15 4 48 32 5
16 16 5 32 33
17 24 5 7 8
18 16 32 5 6
19 33 6 5 7
20 18 32 5 7
21 7 10 8 7
22 18 27 8 7
23 33 9 8 7
24 11 8 10 13
25 13 8 10 11
26 13 8 10 12
27 14 8 27 25
28 4 29 27 8
29 16 8 27 28
30 5 10 8 9
31 16 27 8 9
32 4 10 8 27
33 4 10 13 15
34 3 10 13 29
35 5 10 13 14
36 13 13 10 11
37 31 11 10 12
38 13 13 10 12
39 14 13 15 17
40 14 13 15 25
41 16 13 15 16
42 11 13 29 27
43 13 13 29 30
44 13 13 29 31
45 16 15 13 14
46 5 29 13 14
47 4 29 13 15
48 14 15 17 20
49 17 15 17 19
50 16 15 17 18
51 4 22 25 15
52 14 15 25 27
53 16 15 25 26
54 16 17 15 16
55 16 25 15 16
56 14 17 15 25
57 4 22 20 17
58 17 17 20 19
59 16 17 20 21
60 23 17 19 20
61 16 20 17 18
62 32 18 17 19
63 17 20 17 19
64 6 22 20 19
65 32 21 20 19
66 11 20 22 25
67 13 20 22 23
68 13 20 22 24
69 5 22 20 21
70 4 22 25 27
71 5 22 25 26
72 13 25 22 23
73 31 23 22 24
74 13 25 22 24
75 4 29 27 25
76 16 25 27 28
77 16 27 25 26
78 13 27 29 30
79 13 27 29 31
80 5 29 27 28
81 31 30 29 31
82 14 32 34 36
83 14 32 34 44
84 16 32 34 35
85 11 32 48 46
86 13 32 48 49
87 13 32 48 50
88 16 34 32 33
89 5 48 32 33
90 4 48 32 34
91 14 34 36 39
92 17 34 36 38
93 16 34 36 37
94 4 41 44 34
95 14 34 44 46
96 16 34 44 45
97 16 36 34 35
98 16 44 34 35
99 14 44 34 36
100 4 41 39 36
101 17 36 39 38
102 16 36 39 40
103 23 36 38 39
104 16 39 36 37
105 32 37 36 38
106 17 39 36 38
107 6 41 39 38
108 32 40 39 38
109 11 44 41 39
110 13 39 41 42
111 13 39 41 43
112 5 41 39 40
113 4 41 44 46
114 5 41 44 45
115 13 44 41 42
116 31 42 41 43
117 13 44 41 43
118 4 48 46 44
119 16 44 46 47
120 16 46 44 45
121 13 46 48 49
122 13 46 48 50
123 5 48 46 47
124 31 49 48 50
125 11 51 53 56
126 13 51 53 54
127 13 51 53 55
128 14 51 60 58
129 17 51 60 62
130 16 51 60 61
131 4 70 73 51
132 14 51 73 63
133 16 51 73 74
134 5 53 51 52
135 16 60 51 52
136 16 73 51 52
137 4 53 51 60
138 4 53 51 73
139 4 53 56 63
140 4 53 56 58
141 5 53 56 57
142 13 56 53 54
143 31 54 53 55
144 13 56 53 55
145 14 56 63 65
146 14 56 63 73
147 16 56 63 64
148 14 56 58 60
149 17 56 58 62
150 16 56 58 59
151 16 63 56 57
152 16 58 56 57
153 14 58 56 63
154 17 58 60 62
155 16 58 60 61
156 23 58 62 60
157 16 60 58 59
158 32 59 58 62
159 17 60 58 62
160 14 60 51 73
161 32 61 60 62
162 14 63 65 68
163 17 63 65 67
164 16 63 65 66
165 4 70 73 63
166 16 63 73 74
167 16 65 63 64
168 16 73 63 64
169 14 65 63 73
170 4 70 68 65
171 17 65 68 67
172 16 65 68 69
173 23 65 67 68
174 16 68 65 66
175 32 66 65 67
176 17 68 65 67
177 6 70 68 67
178 32 69 68 67
179 11 68 70 73
180 13 68 70 71
181 13 68 70 72
182 5 70 68 69
183 5 70 73 74
184 13 73 70 71
185 31 71 70 72
186 13 73 70 72

Dihedrals

1 35 32 5 3 1
2 68 7 5 3 1
3 62 6 5 3 1
4 35 44 46 3 1
5 12 48 46 3 1
6 62 47 46 3 1
7 41 5 3 1 2
8 41 46 3 1 2
9 52 2 1 3 4
10 30 3 5 32 34
11 7 48 32 5 3
12 32 3 5 32 33
13 40 3 5 7 8
14 7 41 44 46 3
15 30 3 46 44 34
16 32 3 46 44 45
17 21 32 48 46 3
18 29 3 46 48 49
19 29 3 46 48 50
20 32 32 5 3 4
21 61 4 3 5 7
22 59 4 3 5 6
23 32 44 46 3 4
24 9 48 46 3 4
25 59 4 3 46 47
26 30 5 3 46 44
27 7 48 46 3 5
28 32 5 3 46 47
29 30 5 32 34 36
30 30 5 32 34 44
31 32 5 32 34 35
32 21 46 48 32 5
33 29 5 32 48 49
34 29 5 32 48 50
35 14 10 8 7 5
36 40 27 8 7 5
37 46 5 7 8 9
38 32 46 3 5 6
39 32 34 32 5 6
40 9 48 32 5 6
41 59 6 5 32 33
42 46 8 7 5 6
43 34 46 3 5 7
44 34 34 32 5 7
45 11 48 32 5 7
46 61 33 32 5 7
47 24 13 10 8 7
48 56 11 10 8 7
49 56 12 10 8 7
50 34 25 27 8 7
51 11 29 27 8 7
52 61 28 27 8 7
53 40 32 5 7 8
54 21 8 10 13 15
55 4 29 13 10 8
56 22 8 10 13 14
57 7 22 25 27 8
58 30 8 27 25 15
59 32 8 27 25 26
60 21 13 29 27 8
61 29 8 27 29 30
62 29 8 27 29 31
63 22 13 10 8 9
64 54 11 10 8 9
65 54 12 10 8 9
66 32 25 27 8 9
67 9 29 27 8 9
68 59 9 8 27 28
69 7 10 8 27 25
70 6 10 8 27 29
71 9 10 8 27 28
72 7 10 13 15 17
73 7 10 13 15 25
74 9 10 13 15 16
75 4 10 13 29 27
76 5 10 13 29 30
77 5 10 13 29 31
78 29 27 8 10 11
79 29 15 13 10 11
80 5 29 13 10 11
81 54 11 10 13 14
82 29 27 8 10 12
83 29 15 13 10 12
84 5 29 13 10 12
85 54 12 10 13 14
86 21 13 10 8 27
87 30 13 15 17 20
88 33 13 15 17 19
89 32 13 15 17 18
90 7 22 25 15 13
91 30 13 15 25 27
92 32 13 15 25 26
93 21 13 29 27 25
94 22 13 29 27 28
95 32 17 15 13 14
96 32 25 15 13 14
97 59 14 13 15 16
98 22 27 29 13 14
99 54 30 29 13 14
100 54 31 29 13 14
101 21 27 29 13 15
102 29 15 13 29 30
103 29 15 13 29 31
104 7 22 20 17 15
105 33 15 17 20 19
106 32 15 17 20 21
107 39 15 17 19 20
108 21 20 22 25 15
109 29 15 25 22 23
110 29 15 25 22 24
111 7 29 27 25 15
112 32 15 25 27 28
113 9 29 13 15 16
114 32 20 17 15 16
115 60 16 15 17 19
116 59 16 15 17 18
117 9 22 25 15 16
118 32 27 25 15 16
119 59 16 15 25 26
120 7 29 13 15 17
121 7 22 25 15 17
122 30 17 15 25 27
123 32 17 15 25 26
124 21 25 22 20 17
125 29 17 20 22 23
126 29 17 20 22 24
127 13 22 20 19 17
128 45 17 19 20 21
129 32 25 15 17 18
130 9 22 20 17 18
131 60 18 17 20 19
132 59 18 17 20 21
133 45 20 19 17 18
134 33 25 15 17 19
135 10 22 20 17 19
136 60 21 20 17 19
137 23 25 22 20 19
138 55 23 22 20 19
139 55 24 22 20 19
140 30 20 17 15 25
141 21 20 22 25 27
142 22 20 22 25 26
143 22 25 22 20 21
144 54 23 22 20 21
145 54 24 22 20 21
146 6 22 25 27 29
147 9 22 25 27 28
148 29 27 25 22 23
149 54 23 22 25 26
150 29 27 25 22 24
151 54 24 22 25 26
152 29 25 27 29 30
153 29 25 27 29 31
154 7 29 13 15 25
155 9 29 27 25 26
156 59 26 25 27 28
157 54 30 29 27 28
158 54 31 29 27 28
159 30 32 5 3 46
160 30 32 34 36 39
161 33 32 34 36 38
162 32 32 34 36 37
163 7 41 44 34 32
164 30 32 34 44 46
165 32 32 34 44 45
166 21 32 48 46 44
167 22 32 48 46 47
168 32 36 34 32 33
169 32 44 34 32 33
170 59 33 32 34 35
171 22 46 48 32 33
172 54 49 48 32 33
173 54 50 48 32 33
174 21 46 48 32 34
175 29 34 32 48 49
176 29 34 32 48 50
177 7 41 39 36 34
178 33 34 36 39 38
179 32 34 36 39 40
180 39 34 36 38 39
181 21 34 44 41 39
182 29 34 44 41 42
183 29 34 44 41 43
184 7 48 46 44 34
185 32 34 44 46 47
186 9 48 32 34 35
187 32 39 36 34 35
188 60 35 34 36 38
189 59 35 34 36 37
190 9 41 44 34 35
191 32 46 44 34 35
192 59 35 34 44 45
193 7 48 32 34 36
194 7 41 44 34 36
195 30 46 44 34 36
196 32 36 34 44 45
197 21 44 41 39 36
198 29 36 39 41 42
199 29 36 39 41 43
200 13 41 39 38 36
201 45 36 38 39 40
202 32 44 34 36 37
203 9 41 39 36 37
204 60 37 36 39 38
205 59 37 36 39 40
206 45 39 38 36 37
207 33 44 34 36 38
208 10 41 39 36 38
209 60 40 39 36 38
210 23 44 41 39 38
211 55 42 41 39 38
212 55 43 41 39 38
213 30 44 34 36 39
214 21 46 44 41 39
215 22 39 41 44 45
216 22 44 41 39 40
217 54 42 41 39 40
218 54 43 41 39 40
219 6 41 44 46 48
220 9 41 44 46 47
221 29 46 44 41 42
222 54 42 41 44 45
223 29 46 44 41 43
224 54 43 41 44 45
225 29 44 46 48 49
226 29 44 46 48 50
227 7 48 32 34 44
228 9 48 46 44 45
229 59 45 44 46 47
230 54 49 48 46 47
231 54 50 48 46 47
232 21 51 53 56 63
233 21 51 53 56 58
234 22 51 53 56 57
235 30 51 60 58 56
236 33 51 60 58 62
237 32 51 60 58 59
238 39 51 60 62 58
239 21 68 70 73 51
240 29 51 73 70 71
241 29 51 73 70 72
242 30 51 73 63 56
243 30 51 73 63 65
244 32 51 73 63 64
245 22 56 53 51 52
246 54 54 53 51 52
247 54 55 53 51 52
248 32 58 60 51 52
249 60 52 51 60 62
250 59 52 51 60 61
251 9 70 73 51 52
252 32 63 73 51 52
253 59 52 51 73 74
254 7 53 51 60 58
255 10 53 51 60 62
256 9 53 51 60 61
257 6 53 51 73 70
258 7 53 51 73 63
259 9 53 51 73 74
260 7 53 56 63 65
261 7 53 56 63 73
262 9 53 56 63 64
263 7 53 56 58 60
264 10 53 56 58 62
265 9 53 56 58 59
266 29 60 51 53 54
267 29 73 51 53 54
268 29 63 56 53 54
269 29 58 56 53 54
270 54 54 53 56 57
271 29 60 51 53 55
272 29 73 51 53 55
273 29 63 56 53 55
274 29 58 56 53 55
275 54 55 53 56 57
276 21 56 53 51 60
277 21 56 53 51 73
278 30 56 63 65 68
279 33 56 63 65 67
280 32 56 63 65 66
281 7 70 73 63 56
282 32 56 63 73 74
283 33 56 58 60 62
284 32 56 58 60 61
285 39 56 58 62 60
286 32 65 63 56 57
287 32 73 63 56 57
288 59 57 56 63 64
289 32 60 58 56 57
290 60 57 56 58 62
291 59 57 56 58 59
292 30 58 56 63 65
293 30 58 56 63 73
294 32 58 56 63 64
295 30 58 60 51 73
296 45 58 62 60 61
297 32 63 56 58 59
298 60 59 58 60 62
299 59 59 58 60 61
300 45 60 62 58 59
301 30 60 58 56 63
302 7 70 73 51 60
303 30 60 51 73 63
304 32 60 51 73 74
305 60 61 60 58 62
306 32 73 51 60 61
307 33 73 51 60 62
308 33 63 56 58 62
309 7 70 68 65 63
310 33 63 65 68 67
311 32 63 65 68 69
312 39 63 65 67 68
313 21 68 70 73 63
314 29 63 73 70 71
315 29 63 73 70 72
316 32 68 65 63 64
317 60 64 63 65 67
318 59 64 63 65 66
319 9 70 73 63 64
320 59 64 63 73 74
321 7 70 73 63 65
322 32 65 63 73 74
323 21 73 70 68 65
324 29 65 68 70 71
325 29 65 68 70 72
326 13 70 68 67 65
327 45 65 67 68 69
328 32 73 63 65 66
329 9 70 68 65 66
330 60 66 65 68 67
331 59 66 65 68 69
332 45 68 67 65 66
333 33 73 63 65 67
334 10 70 68 65 67
335 60 69 68 65 67
336 23 73 70 68 67
337 55 71 70 68 67
338 55 72 70 68 67
339 30 68 65 63 73
340 22 68 70 73 74
341 22 73 70 68 69
342 54 71 70 68 69
343 54 72 70 68 69
344 54 71 70 73 74
345 54 72 70 73 74

Impropers

1 26 5 3 46 1
2 31 5 3 4 1
3 31 46 3 4 1
4 23 5 3 46 4
5 25 3 5 32 7
6 23 3 5 32 6
7 33 3 5 7 6
8 33 32 5 7 6
9 13 10 8 27 7
10 16 10 8 9 7
11 30 27 8 9 7
12 11 10 8 27 9
13 4 8 10 13 11
14 4 8 10 13 12
15 6 8 10 11 12
16 6 13 10 11 12
17 8 29 13 10 15
18 11 10 13 15 14
19 9 10 13 29 14
20 14 29 13 14 15
21 21 13 15 17 25
22 23 13 15 17 16
23 23 13 15 25 16
24 23 17 15 25 16
25 24 15 17 20 19
26 23 15 17 20 18
27 32 15 17 19 18
28 32 20 17 19 18
29 17 22 20 19 17
30 14 22 20 21 17
31 32 17 20 19 21
32 18 22 20 19 21
33 4 20 22 25 23
34 4 20 22 25 24
35 6 20 22 23 24
36 6 25 22 23 24
37 10 22 25 27 15
38 11 22 25 27 26
39 11 22 25 15 26
40 23 27 25 15 26
41 10 29 27 8 25
42 14 29 27 28 25
43 23 25 27 8 28
44 11 29 27 8 28
45 4 27 29 13 30
46 4 27 29 13 31
47 6 27 29 30 31
48 6 13 29 30 31
49 10 48 32 5 34
50 23 5 32 34 33
51 14 48 32 33 5
52 14 48 32 33 34
53 21 44 34 32 36
54 23 32 34 36 35
55 23 32 34 44 35
56 23 44 34 35 36
57 24 34 36 39 38
58 23 34 36 39 37
59 32 34 36 38 37
60 32 39 36 38 37
61 17 41 39 38 36
62 14 41 39 40 36
63 32 36 39 38 40
64 18 41 39 38 40
65 4 44 41 42 39
66 4 44 41 43 39
67 6 39 41 42 43
68 6 44 41 42 43
69 10 41 44 46 34
70 11 41 44 46 45
71 11 41 44 34 45
72 23 46 44 34 45
73 10 48 46 3 44
74 14 48 46 47 44
75 23 44 46 3 47
76 11 48 46 3 47
77 4 46 48 32 49
78 4 46 48 32 50
79 6 46 48 49 50
80 6 32 48 49 50
81 10 53 51 60 73
82 11 53 51 60 52
83 11 53 51 73 52
84 23 60 51 73 52
85 4 51 53 56 54
86 4 51 53 56 55
87 6 51 53 54 55
88 6 56 53 54 55
89 10 53 56 63 58
90 11 53 56 63 57
91 11 53 56 58 57
92 23 63 56 58 57
93 24 56 58 60 62
94 23 56 58 60 59
95 32 56 58 62 59
96 32 60 58 62 59
97 24 51 60 58 62
98 32 58 60 62 61
99 23 58 60 51 61
100 29 51 60 61 62
101 21 56 63 65 73
102 23 56 63 65 64
103 23 56 63 73 64
104 23 65 63 73 64
105 24 63 65 68 67
106 23 63 65 68 66
107 32 63 65 67 66
108 32 68 65 67 66
109 17 70 68 67 65
110 14 70 68 69 65
111 32 65 68 67 69
112 18 70 68 67 69
113 4 68 70 73 71
114 4 68 70 73 72
115 6 68 70 71 72
116 6 73 70 71 72
117 10 70 73 63 51
118 11 70 73 63 74
119 11 70 73 51 74
120 23 63 73 51 74
