delete edged atoms 
30 atoms
31 bonds
62 angles
99 dihedrals
40 impropers

Types

1	2
2	7
3	2
4	5
5	2
6	5
7	7
8	2
9	5
10	1
11	5
12	5
13	1
14	5
15	5
16	2
17	5
18	2
19	2
20	2
21	5
22	1
23	5
24	5
25	2
26	5
27	2
28	2
29	2
30	5

Charges

1	0.0800
2	-0.2660
3	0.0800
4	0.0530
5	0.0800
6	0.0530
7	-0.2660
8	0.0800
9	0.0530
10	-0.1060
11	0.0530
12	0.0530
13	-0.1060
14	0.0530
15	0.0530
16	-0.0530
17	0.0530
18	-0.0530
19	-0.0530
20	-0.0530
21	0.0530
22	-0.1060
23	0.0530
24	0.0530
25	-0.0530
26	0.0530
27	-0.0530
28	-0.0530
29	-0.0530
30	0.0530

Coords

1	4.4657947990	2.4213640790	11.6579096918
2	3.4806813830	3.3880052969	12.0377974161
3	2.0929177599	3.5588247492	11.9393359170
4	1.5035718372	2.6336763502	12.0576173547
5	1.5478326164	4.6070244310	12.9243300278
6	0.4444473580	4.5573268676	12.8259839788
7	1.5143300648	4.5492505309	14.3568619929
8	2.7132346459	4.0970344450	14.9949661497
9	3.0785411446	3.1555178863	14.5344963260
10	4.0171282312	4.8767336192	14.9206327643
11	3.7858244475	6.0065022156	14.8792732818
12	4.5705892810	4.7892824001	13.9392738270
13	4.7804316806	4.4205673384	16.1057977897
14	5.0878097283	5.3383666504	16.7377142635
15	5.7825269230	4.0424308578	15.8268348922
16	3.8451579579	3.5059025548	16.9044817005
17	4.1685631138	3.8034596349	17.9455504916
18	3.7455996208	1.9771278024	17.0095838680
19	1.6007956554	2.5770153660	16.9313737697
20	2.4157070702	3.9055178827	16.4220909563
21	1.9293744806	4.8421900776	16.9101686892
22	2.0037209619	5.9376123968	12.3274050468
23	3.1118185910	6.1314770645	12.3875535855
24	1.5256515980	6.7346322510	12.8207076005
25	1.4029475498	5.7764649650	10.8863670863
26	0.3426124850	6.0671674482	11.0951110588
27	1.7465183872	6.3058483643	9.5065520090
28	2.0632570730	4.0813208440	9.2190955465
29	1.4983813826	4.1961465549	10.6994576872
30	0.4627466559	3.8702951101	10.6968312486

Bonds

1	9	1	2
2	9	3	2
3	5	3	5
4	5	3	29
5	7	3	4
6	2	22	5
7	9	5	7
8	7	5	6
9	9	8	7
10	2	10	8
11	5	8	20
12	7	8	9
13	1	10	13
14	4	10	11
15	4	10	12
16	2	13	16
17	4	13	14
18	4	13	15
19	5	16	18
20	5	16	20
21	7	16	17
22	5	19	20
23	7	20	21
24	2	22	25
25	4	22	23
26	4	22	24
27	5	25	27
28	5	25	29
29	7	25	26
30	5	28	29
31	7	29	30

Angles

1	24	1	2	3
2	18	5	3	2
3	18	29	3	2
4	33	4	3	2
5	4	22	5	3
6	18	3	5	7
7	16	3	5	6
8	14	3	29	28
9	14	3	29	25
10	16	3	29	30
11	16	5	3	4
12	16	29	3	4
13	14	5	3	29
14	11	5	22	25
15	13	5	22	23
16	13	5	22	24
17	24	5	7	8
18	5	22	5	6
19	33	6	5	7
20	7	22	5	7
21	7	10	8	7
22	18	20	8	7
23	33	9	8	7
24	1	13	10	8
25	13	8	10	11
26	13	8	10	12
27	14	8	20	19
28	14	8	20	16
29	16	8	20	21
30	5	10	8	9
31	16	20	8	9
32	4	10	8	20
33	1	10	13	16
34	2	10	13	14
35	2	10	13	15
36	2	13	10	11
37	31	11	10	12
38	2	13	10	12
39	4	13	16	18
40	4	13	16	20
41	5	13	16	17
42	13	16	13	14
43	31	14	13	15
44	13	16	13	15
45	14	16	20	19
46	16	16	20	21
47	16	18	16	17
48	16	20	16	17
49	14	18	16	20
50	16	19	20	21
51	4	22	25	27
52	4	22	25	29
53	5	22	25	26
54	13	25	22	23
55	31	23	22	24
56	13	25	22	24
57	14	25	29	28
58	16	25	29	30
59	16	27	25	26
60	16	29	25	26
61	14	27	25	29
62	16	28	29	30

Dihedrals

1	40	5	3	2	1
2	40	29	3	2	1
3	46	1	2	3	4
4	11	22	5	3	2
5	67	2	3	5	7
6	61	6	5	3	2
7	34	28	29	3	2
8	34	25	29	3	2
9	61	30	29	3	2
10	21	25	22	5	3
11	29	3	5	22	23
12	29	3	5	22	24
13	40	3	5	7	8
14	7	22	25	29	3
15	30	3	29	25	27
16	32	3	29	25	26
17	9	22	5	3	4
18	61	4	3	5	7
19	59	4	3	5	6
20	32	28	29	3	4
21	32	25	29	3	4
22	59	4	3	29	30
23	30	5	3	29	28
24	30	5	3	29	25
25	32	5	3	29	30
26	21	5	22	25	27
27	21	5	22	25	29
28	22	5	22	25	26
29	14	10	8	7	5
30	40	20	8	7	5
31	46	5	7	8	9
32	32	29	3	5	6
33	22	25	22	5	6
34	54	23	22	5	6
35	54	24	22	5	6
36	46	8	7	5	6
37	34	29	3	5	7
38	24	25	22	5	7
39	56	23	22	5	7
40	56	24	22	5	7
41	3	13	10	8	7
42	56	11	10	8	7
43	56	12	10	8	7
44	34	19	20	8	7
45	34	16	20	8	7
46	61	21	20	8	7
47	14	22	5	7	8
48	19	8	10	13	16
49	20	8	10	13	14
50	20	8	10	13	15
51	7	13	16	20	8
52	30	8	20	16	18
53	32	8	20	16	17
54	2	13	10	8	9
55	54	11	10	8	9
56	54	12	10	8	9
57	32	19	20	8	9
58	32	16	20	8	9
59	59	9	8	20	21
60	7	10	8	20	19
61	7	10	8	20	16
62	9	10	8	20	21
63	1	10	13	16	18
64	1	10	13	16	20
65	2	10	13	16	17
66	29	20	8	10	11
67	20	16	13	10	11
68	53	11	10	13	14
69	53	11	10	13	15
70	29	20	8	10	12
71	20	16	13	10	12
72	53	12	10	13	14
73	53	12	10	13	15
74	1	13	10	8	20
75	7	13	16	20	19
76	9	13	16	20	21
77	29	18	16	13	14
78	29	20	16	13	14
79	54	14	13	16	17
80	29	18	16	13	15
81	29	20	16	13	15
82	54	15	13	16	17
83	32	19	20	16	17
84	59	17	16	20	21
85	30	18	16	20	19
86	32	18	16	20	21
87	7	22	5	3	29
88	7	22	25	29	28
89	9	22	25	29	30
90	29	27	25	22	23
91	29	29	25	22	23
92	54	23	22	25	26
93	29	27	25	22	24
94	29	29	25	22	24
95	54	24	22	25	26
96	32	28	29	25	26
97	59	26	25	29	30
98	30	27	25	29	28
99	32	27	25	29	30

Impropers

1	25	5	3	29	2
2	30	5	3	4	2
3	30	29	3	4	2
4	23	5	3	29	4
5	19	22	5	7	3
6	14	22	5	6	3
7	33	3	5	7	6
8	20	22	5	7	6
9	13	10	8	20	7
10	16	10	8	9	7
11	30	20	8	9	7
12	11	10	8	20	9
13	2	13	10	11	8
14	2	13	10	12	8
15	6	8	10	11	12
16	3	13	10	11	12
17	1	10	13	16	14
18	1	10	13	16	15
19	3	10	13	14	15
20	6	16	13	14	15
21	10	13	16	18	20
22	11	13	16	18	17
23	11	13	16	20	17
24	23	18	16	20	17
25	21	19	20	8	16
26	23	19	20	8	21
27	23	19	20	16	21
28	23	8	20	16	21
29	4	5	22	25	23
30	4	5	22	25	24
31	6	5	22	23	24
32	6	25	22	23	24
33	10	22	25	27	29
34	11	22	25	27	26
35	11	22	25	29	26
36	23	27	25	29	26
37	21	28	29	3	25
38	23	28	29	3	30
39	23	28	29	25	30
40	23	3	29	25	30