delete edged atoms 
30 atoms
31 bonds
62 angles
96 dihedrals
40 impropers

Types

1	2
2	7
3	2
4	5
5	1
6	5
7	5
8	1
9	5
10	5
11	2
12	5
13	2
14	2
15	2
16	5
17	2
18	2
19	2
20	5
21	2
22	5
23	6
24	2
25	5
26	1
27	5
28	5
29	2
30	5

Charges

1	0.0800
2	-0.2660
3	0.0800
4	0.0530
5	-0.1060
6	0.0530
7	0.0530
8	-0.1060
9	0.0530
10	0.0530
11	-0.0530
12	0.0530
13	-0.0530
14	-0.0530
15	-0.0530
16	0.0530
17	-0.0530
18	-0.0530
19	-0.0530
20	0.0530
21	0.0800
22	0.0530
23	-0.2660
24	0.0800
25	0.0530
26	-0.1060
27	0.0530
28	0.0530
29	-0.0530
30	0.0530

Coords

1	14.9062957206	8.2318103782	19.4318957959
2	15.3526856687	7.3332750442	18.3855307532
3	14.4887457274	6.4365628201	17.7476720183
4	14.0405907269	5.9137024193	18.6006220209
5	15.2073535153	5.2866123788	17.1943102697
6	15.2432277315	4.4581908479	17.9212927131
7	16.2471045928	5.5265571641	16.9010487262
8	14.4039855914	4.8972216771	15.9123273189
9	13.8977120068	3.9728877657	15.7805715859
10	15.1232907950	5.0894175626	15.1040230491
11	13.2276847879	5.8726299530	15.8694881908
12	13.1126509614	6.1397367741	14.8106054824
13	11.6294328869	5.7532236665	16.1655376306
14	12.1137416771	7.8528257758	16.8136921304
15	13.5640799979	7.1126013941	16.6874069893
16	14.2137875874	7.8844634439	16.0916397501
17	15.9101584468	3.3543737604	3.2745742034
18	15.5604255173	3.5654439664	1.0981725892
19	17.0994554954	3.2304804727	1.1444514467
20	17.6850059651	4.0904846361	0.7415780104
21	17.8711714260	2.0278730788	0.5390131703
22	17.9249332024	2.1622772734	-0.4840879007
23	17.5900975680	0.8018233567	1.0812815759
24	18.7302018937	1.4524847395	1.6382250031
25	19.6751806670	0.9153397374	1.5750209341
26	18.4151593951	2.1223988331	2.9929501113
27	19.3761639357	2.6697228832	3.2788354453
28	18.2010160691	1.4225445606	3.7821177491
29	17.3588616369	3.1966563173	2.6894618004
30	17.8131626086	4.1311160304	3.0075983033

Bonds

1	9	1	2
2	9	3	2
3	2	5	3
4	5	3	15
5	7	3	4
6	1	5	8
7	4	5	6
8	4	5	7
9	2	8	11
10	4	8	9
11	4	8	10
12	5	11	13
13	5	11	15
14	7	11	12
15	5	14	15
16	7	15	16
17	5	17	29
18	5	18	19
19	5	19	21
20	5	19	29
21	7	19	20
22	5	21	24
23	8	21	23
24	7	21	22
25	8	24	23
26	2	26	24
27	7	24	25
28	2	26	29
29	4	26	27
30	4	26	28
31	7	29	30

Angles

1	24	1	2	3
2	7	5	3	2
3	18	15	3	2
4	33	4	3	2
5	1	8	5	3
6	13	3	5	6
7	13	3	5	7
8	14	3	15	14
9	14	3	15	11
10	16	3	15	16
11	5	5	3	4
12	16	15	3	4
13	4	5	3	15
14	1	5	8	11
15	2	5	8	9
16	2	5	8	10
17	2	8	5	6
18	31	6	5	7
19	2	8	5	7
20	4	8	11	13
21	4	8	11	15
22	5	8	11	12
23	13	11	8	9
24	31	9	8	10
25	13	11	8	10
26	14	11	15	14
27	16	11	15	16
28	16	13	11	12
29	16	15	11	12
30	14	13	11	15
31	16	14	15	16
32	4	26	29	17
33	14	17	29	19
34	16	17	29	30
35	14	18	19	21
36	14	18	19	29
37	16	18	19	20
38	14	19	21	24
39	17	19	21	23
40	16	19	21	22
41	4	26	29	19
42	16	19	29	30
43	16	21	19	20
44	16	29	19	20
45	14	29	19	21
46	4	26	24	21
47	17	21	24	23
48	16	21	24	25
49	23	21	23	24
50	16	24	21	22
51	32	22	21	23
52	17	24	21	23
53	6	26	24	23
54	32	25	24	23
55	11	29	26	24
56	13	24	26	27
57	13	24	26	28
58	5	26	24	25
59	5	26	29	30
60	13	29	26	27
61	31	27	26	28
62	13	29	26	28

Dihedrals

1	14	5	3	2	1
2	40	15	3	2	1
3	46	1	2	3	4
4	3	8	5	3	2
5	56	6	5	3	2
6	56	7	5	3	2
7	34	14	15	3	2
8	34	11	15	3	2
9	61	16	15	3	2
10	19	3	5	8	11
11	20	3	5	8	9
12	20	3	5	8	10
13	7	8	11	15	3
14	30	3	15	11	13
15	32	3	15	11	12
16	2	8	5	3	4
17	54	6	5	3	4
18	54	7	5	3	4
19	32	14	15	3	4
20	32	11	15	3	4
21	59	4	3	15	16
22	7	5	3	15	14
23	7	5	3	15	11
24	9	5	3	15	16
25	1	5	8	11	13
26	1	5	8	11	15
27	2	5	8	11	12
28	29	15	3	5	6
29	20	11	8	5	6
30	53	6	5	8	9
31	53	6	5	8	10
32	29	15	3	5	7
33	20	11	8	5	7
34	53	7	5	8	9
35	53	7	5	8	10
36	1	8	5	3	15
37	7	8	11	15	14
38	9	8	11	15	16
39	29	13	11	8	9
40	29	15	11	8	9
41	54	9	8	11	12
42	29	13	11	8	10
43	29	15	11	8	10
44	54	10	8	11	12
45	32	14	15	11	12
46	59	12	11	15	16
47	30	13	11	15	14
48	32	13	11	15	16
49	21	17	29	26	24
50	29	17	29	26	27
51	29	17	29	26	28
52	30	17	29	19	18
53	30	17	29	19	21
54	32	17	29	19	20
55	30	18	19	21	24
56	33	18	19	21	23
57	32	18	19	21	22
58	7	26	29	19	18
59	32	18	19	29	30
60	7	26	24	21	19
61	33	19	21	24	23
62	32	19	21	24	25
63	39	19	21	23	24
64	21	19	29	26	24
65	29	19	29	26	27
66	29	19	29	26	28
67	32	24	21	19	20
68	60	20	19	21	23
69	59	20	19	21	22
70	9	26	29	19	20
71	59	20	19	29	30
72	7	26	29	19	21
73	32	21	19	29	30
74	21	29	26	24	21
75	29	21	24	26	27
76	29	21	24	26	28
77	13	26	24	23	21
78	45	21	23	24	25
79	32	29	19	21	22
80	9	26	24	21	22
81	60	22	21	24	23
82	59	22	21	24	25
83	45	24	23	21	22
84	33	29	19	21	23
85	10	26	24	21	23
86	60	25	24	21	23
87	23	29	26	24	23
88	55	27	26	24	23
89	55	28	26	24	23
90	30	29	19	21	24
91	22	24	26	29	30
92	22	29	26	24	25
93	54	27	26	24	25
94	54	28	26	24	25
95	54	27	26	29	30
96	54	28	26	29	30

Impropers

1	13	5	3	15	2
2	16	5	3	4	2
3	30	15	3	4	2
4	11	5	3	15	4
5	2	8	5	6	3
6	2	8	5	7	3
7	6	3	5	6	7
8	3	8	5	6	7
9	1	5	8	11	9
10	1	5	8	11	10
11	3	5	8	9	10
12	6	11	8	9	10
13	10	8	11	13	15
14	11	8	11	13	12
15	11	8	11	15	12
16	23	13	11	15	12
17	21	14	15	3	11
18	23	14	15	3	16
19	23	14	15	11	16
20	23	3	15	11	16
21	21	29	19	18	21
22	23	18	19	21	20
23	23	18	19	29	20
24	23	29	19	20	21
25	24	19	21	24	23
26	23	19	21	24	22
27	32	19	21	23	22
28	32	24	21	23	22
29	17	26	24	23	21
30	14	26	24	25	21
31	32	21	24	23	25
32	18	26	24	23	25
33	4	29	26	27	24
34	4	29	26	28	24
35	6	24	26	27	28
36	6	29	26	27	28
37	10	26	29	19	17
38	11	26	29	19	30
39	11	26	29	17	30
40	23	19	29	17	30