Mody lammps parameter 2023-03-11 16:22:46.697759
74 atoms
85 bonds
186 angles
345 dihedrals
120 impropers

Types

1 8
2 4
3 2
4 5
5 2
6 5
7 7
8 2
9 5
10 1
11 5
12 5
13 1
14 5
15 5
16 2
17 5
18 2
19 5
20 1
21 5
22 5
23 2
24 5
25 2
26 5
27 2
28 5
29 6
30 2
31 5
32 1
33 5
34 5
35 2
36 5
37 2
38 5
39 1
40 5
41 5
42 2
43 5
44 2
45 5
46 2
47 5
48 6
49 2
50 5
51 2
52 5
53 1
54 5
55 5
56 2
57 5
58 2
59 5
60 2
61 5
62 6
63 2
64 5
65 2
66 5
67 6
68 2
69 5
70 1
71 5
72 5
73 2
74 5

Charges

1 -0.5571
2 0.4241
3 0.0800
4 0.0530
5 0.0800
6 0.0530
7 -0.2660
8 0.0800
9 0.0530
10 -0.1060
11 0.0530
12 0.0530
13 -0.1060
14 0.0530
15 0.0530
16 -0.0530
17 0.0530
18 -0.0530
19 0.0530
20 -0.1060
21 0.0530
22 0.0530
23 -0.0530
24 0.0530
25 0.0800
26 0.0530
27 0.0800
28 0.0530
29 -0.2660
30 -0.0530
31 0.0530
32 -0.1060
33 0.0530
34 0.0530
35 -0.0530
36 0.0530
37 -0.0530
38 0.0530
39 -0.1060
40 0.0530
41 0.0530
42 -0.0530
43 0.0530
44 0.0800
45 0.0530
46 0.0800
47 0.0530
48 -0.2660
49 -0.0530
50 0.0530
51 -0.0530
52 0.0530
53 -0.1060
54 0.0530
55 0.0530
56 -0.0530
57 0.0530
58 0.0800
59 0.0530
60 0.0800
61 0.0530
62 -0.2660
63 -0.0530
64 0.0530
65 0.0800
66 0.0530
67 -0.2660
68 0.0800
69 0.0530
70 -0.1060
71 0.0530
72 0.0530
73 -0.0530
74 0.0530

Coords

1 17.3294103542 8.3945063747 19.8257446770
2 18.1169082674 8.7668676660 19.4478054236
3 16.1234239681 9.1549476220 19.7159332493
4 16.3434834183 9.9321739606 18.9235732114
5 14.9062957206 8.2318103782 19.4318957959
6 14.0001523895 8.7962344672 19.0737621662
7 15.3526856687 7.3332750442 18.3855307532
8 14.4887457274 6.4365628201 17.7476720183
9 14.0405907269 5.9137024193 18.6006220209
10 15.2073535153 5.2866123788 17.1943102697
11 15.2432277315 4.4581908479 17.9212927131
12 16.2471045928 5.5265571641 16.9010487262
13 14.4039855914 4.8972216771 15.9123273189
14 13.8977120068 3.9728877657 15.7805715859
15 15.1232907950 5.0894175626 15.1040230491
16 13.2276847879 5.8726299530 15.8694881908
17 13.1126509614 6.1397367741 14.8106054824
18 11.6294328869 5.7532236665 16.1655376306
19 11.0653542750 4.9946496183 15.6057736654
20 11.2489353125 7.1416121962 15.6168244495
21 11.4681684757 7.4536088650 14.5811146000
22 10.2035948691 7.3931339634 15.5877663958
23 12.1137416771 7.8528257758 16.8136921304
24 12.2596632243 8.9854325813 16.8021773404
25 11.0920335176 7.3059839777 17.8770647693
26 10.4231015978 7.9901713340 18.3745507623
27 10.9842966694 5.8582121759 17.5870809371
28 11.2100275783 4.9734925227 18.1949788043
29 11.8996623453 6.4738956551 18.6437731435
30 13.5640799979 7.1126013941 16.6874069893
31 14.2137875874 7.8844634439 16.0916397501
32 14.6895731487 7.7165424624 20.8985894759
33 13.7236698906 7.2759394419 21.1531687629
34 15.4901656647 7.0536680402 21.1702462257
35 14.7929103540 8.9965440487 21.8298704223
36 13.8152036930 9.4278623724 21.9548310730
37 15.5496656368 8.9032728727 23.2840209202
38 15.1336748943 8.1693160407 23.9915710854
39 17.0365144454 8.8814999644 22.8556619135
40 17.8108348095 8.9662490673 23.7184122071
41 17.4809752025 8.0600476467 22.3541133642
42 16.9159577695 10.2011824048 22.0827369436
43 17.7701785236 10.6374350015 21.5679874016
44 16.2315414797 11.1863572500 23.0368221413
45 16.2093791335 12.2321327786 22.6316833369
46 15.4301836984 10.4137532343 23.9244126368
47 14.6543091566 10.8215185180 24.5827447828
48 16.7117020158 10.9623436509 24.3632887702
49 15.8033351870 9.9108157489 21.0620726106
50 15.3455678948 10.8472448751 20.7542311569
51 15.9101584468 3.3543737604 3.2745742034
52 15.9424179027 3.7088013653 4.3463348500
53 15.4674952446 4.4565219640 2.3619684232
54 14.4684265694 4.7764514419 2.6673758876
55 16.0445979310 5.3854755064 2.2761122061
56 15.5604255173 3.5654439664 1.0981725892
57 15.2716380157 3.9776668339 0.1592176044
58 14.5429717310 2.4529689560 1.5302277166
59 13.5990668725 2.4435541490 0.9633376307
60 14.8141335337 2.3129361394 2.9646671729
61 14.0146866689 2.1352315981 3.7109979906
62 15.1127688824 1.2097523677 1.9935680877
63 17.0994554954 3.2304804727 1.1444514467
64 17.6850059651 4.0904846361 0.7415780104
65 17.8711714260 2.0278730788 0.5390131703
66 17.9249332024 2.1622772734 -0.4840879007
67 17.5900975680 0.8018233567 1.0812815759
68 18.7302018937 1.4524847395 1.6382250031
69 19.6751806670 0.9153397374 1.5750209341
70 18.4151593951 2.1223988331 2.9929501113
71 19.3761639357 2.6697228832 3.2788354453
72 18.2010160691 1.4225445606 3.7821177491
73 17.3588616369 3.1966563173 2.6894618004
74 17.8131626086 4.1311160304 3.0075983033

Bonds

1 10 3 1
2 14 2 1
3 5 3 5
4 5 3 49
5 7 3 4
6 2 32 5
7 9 5 7
8 7 5 6
9 9 8 7
10 2 10 8
11 5 8 30
12 7 8 9
13 1 10 13
14 4 10 11
15 4 10 12
16 2 13 16
17 4 13 14
18 4 13 15
19 5 16 18
20 5 16 30
21 7 16 17
22 2 20 18
23 5 18 27
24 7 18 19
25 2 20 23
26 4 20 21
27 4 20 22
28 5 23 30
29 5 23 25
30 7 23 24
31 5 25 27
32 8 25 29
33 7 25 26
34 8 27 29
35 7 27 28
36 7 30 31
37 2 32 35
38 4 32 33
39 4 32 34
40 5 35 37
41 5 35 49
42 7 35 36
43 2 39 37
44 5 37 46
45 7 37 38
46 2 39 42
47 4 39 40
48 4 39 41
49 5 42 49
50 5 42 44
51 7 42 43
52 5 44 46
53 8 44 48
54 7 44 45
55 8 46 48
56 7 46 47
57 7 49 50
58 2 53 51
59 5 51 60
60 5 51 73
61 7 51 52
62 2 53 56
63 4 53 54
64 4 53 55
65 5 56 63
66 5 56 58
67 7 56 57
68 5 58 60
69 8 58 62
70 7 58 59
71 8 60 62
72 7 60 61
73 5 63 65
74 5 63 73
75 7 63 64
76 5 65 68
77 8 65 67
78 7 65 66
79 8 68 67
80 2 70 68
81 7 68 69
82 2 70 73
83 4 70 71
84 4 70 72
85 7 73 74

Angles

1 19 5 3 1
2 19 49 3 1
3 34 4 3 1
4 25 3 1 2
5 4 32 5 3
6 18 3 5 7
7 16 3 5 6
8 14 3 49 42
9 14 3 49 35
10 16 3 49 50
11 16 5 3 4
12 16 49 3 4
13 14 5 3 49
14 11 5 32 35
15 13 5 32 33
16 13 5 32 34
17 24 5 7 8
18 5 32 5 6
19 33 6 5 7
20 7 32 5 7
21 7 10 8 7
22 18 30 8 7
23 33 9 8 7
24 1 13 10 8
25 13 8 10 11
26 13 8 10 12
27 14 8 30 23
28 14 8 30 16
29 16 8 30 31
30 5 10 8 9
31 16 30 8 9
32 4 10 8 30
33 1 10 13 16
34 2 10 13 14
35 2 10 13 15
36 2 13 10 11
37 31 11 10 12
38 2 13 10 12
39 4 13 16 18
40 4 13 16 30
41 5 13 16 17
42 13 16 13 14
43 31 14 13 15
44 13 16 13 15
45 4 20 18 16
46 14 16 18 27
47 16 16 18 19
48 14 16 30 23
49 16 16 30 31
50 16 18 16 17
51 16 30 16 17
52 14 18 16 30
53 11 18 20 23
54 13 18 20 21
55 13 18 20 22
56 14 18 27 25
57 17 18 27 29
58 16 18 27 28
59 5 20 18 19
60 16 27 18 19
61 4 20 18 27
62 4 20 23 30
63 4 20 23 25
64 5 20 23 24
65 13 23 20 21
66 31 21 20 22
67 13 23 20 22
68 16 23 30 31
69 14 23 25 27
70 17 23 25 29
71 16 23 25 26
72 16 30 23 24
73 16 25 23 24
74 14 25 23 30
75 17 25 27 29
76 16 25 27 28
77 23 25 29 27
78 16 27 25 26
79 32 26 25 29
80 17 27 25 29
81 32 28 27 29
82 4 32 35 37
83 4 32 35 49
84 5 32 35 36
85 13 35 32 33
86 31 33 32 34
87 13 35 32 34
88 4 39 37 35
89 14 35 37 46
90 16 35 37 38
91 14 35 49 42
92 16 35 49 50
93 16 37 35 36
94 16 49 35 36
95 14 37 35 49
96 11 37 39 42
97 13 37 39 40
98 13 37 39 41
99 14 37 46 44
100 17 37 46 48
101 16 37 46 47
102 5 39 37 38
103 16 46 37 38
104 4 39 37 46
105 4 39 42 49
106 4 39 42 44
107 5 39 42 43
108 13 42 39 40
109 31 40 39 41
110 13 42 39 41
111 16 42 49 50
112 14 42 44 46
113 17 42 44 48
114 16 42 44 45
115 16 49 42 43
116 16 44 42 43
117 14 44 42 49
118 17 44 46 48
119 16 44 46 47
120 23 44 48 46
121 16 46 44 45
122 32 45 44 48
123 17 46 44 48
124 32 47 46 48
125 11 51 53 56
126 13 51 53 54
127 13 51 53 55
128 14 51 60 58
129 17 51 60 62
130 16 51 60 61
131 4 70 73 51
132 14 51 73 63
133 16 51 73 74
134 5 53 51 52
135 16 60 51 52
136 16 73 51 52
137 4 53 51 60
138 4 53 51 73
139 4 53 56 63
140 4 53 56 58
141 5 53 56 57
142 13 56 53 54
143 31 54 53 55
144 13 56 53 55
145 14 56 63 65
146 14 56 63 73
147 16 56 63 64
148 14 56 58 60
149 17 56 58 62
150 16 56 58 59
151 16 63 56 57
152 16 58 56 57
153 14 58 56 63
154 17 58 60 62
155 16 58 60 61
156 23 58 62 60
157 16 60 58 59
158 32 59 58 62
159 17 60 58 62
160 14 60 51 73
161 32 61 60 62
162 14 63 65 68
163 17 63 65 67
164 16 63 65 66
165 4 70 73 63
166 16 63 73 74
167 16 65 63 64
168 16 73 63 64
169 14 73 63 65
170 4 70 68 65
171 17 65 68 67
172 16 65 68 69
173 23 65 67 68
174 16 68 65 66
175 32 66 65 67
176 17 68 65 67
177 6 70 68 67
178 32 69 68 67
179 11 73 70 68
180 13 68 70 71
181 13 68 70 72
182 5 70 68 69
183 5 70 73 74
184 13 73 70 71
185 31 71 70 72
186 13 73 70 72

Dihedrals

1 12 32 5 3 1
2 68 7 5 3 1
3 62 6 5 3 1
4 35 42 49 3 1
5 35 35 49 3 1
6 62 50 49 3 1
7 41 5 3 1 2
8 41 49 3 1 2
9 52 2 1 3 4
10 21 35 32 5 3
11 29 3 5 32 33
12 29 3 5 32 34
13 40 3 5 7 8
14 7 39 42 49 3
15 30 3 49 42 44
16 32 3 49 42 43
17 7 32 35 49 3
18 30 3 49 35 37
19 32 3 49 35 36
20 9 32 5 3 4
21 61 4 3 5 7
22 59 4 3 5 6
23 32 42 49 3 4
24 32 35 49 3 4
25 59 4 3 49 50
26 30 5 3 49 42
27 30 5 3 49 35
28 32 5 3 49 50
29 21 5 32 35 37
30 21 5 32 35 49
31 22 5 32 35 36
32 14 10 8 7 5
33 40 30 8 7 5
34 46 5 7 8 9
35 32 49 3 5 6
36 22 35 32 5 6
37 54 33 32 5 6
38 54 34 32 5 6
39 46 8 7 5 6
40 34 49 3 5 7
41 24 35 32 5 7
42 56 33 32 5 7
43 56 34 32 5 7
44 3 13 10 8 7
45 56 11 10 8 7
46 56 12 10 8 7
47 34 23 30 8 7
48 34 16 30 8 7
49 61 31 30 8 7
50 14 32 5 7 8
51 19 8 10 13 16
52 20 8 10 13 14
53 20 8 10 13 15
54 7 20 23 30 8
55 30 8 30 23 25
56 32 8 30 23 24
57 7 13 16 30 8
58 30 8 30 16 18
59 32 8 30 16 17
60 2 13 10 8 9
61 54 11 10 8 9
62 54 12 10 8 9
63 32 23 30 8 9
64 32 16 30 8 9
65 59 9 8 30 31
66 7 10 8 30 23
67 7 10 8 30 16
68 9 10 8 30 31
69 1 10 13 16 18
70 1 10 13 16 30
71 2 10 13 16 17
72 29 30 8 10 11
73 20 16 13 10 11
74 53 11 10 13 14
75 53 11 10 13 15
76 29 30 8 10 12
77 20 16 13 10 12
78 53 12 10 13 14
79 53 12 10 13 15
80 1 13 10 8 30
81 6 13 16 18 20
82 7 13 16 18 27
83 9 13 16 18 19
84 7 13 16 30 23
85 9 13 16 30 31
86 29 18 16 13 14
87 29 30 16 13 14
88 54 14 13 16 17
89 29 18 16 13 15
90 29 30 16 13 15
91 54 15 13 16 17
92 21 23 20 18 16
93 29 16 18 20 21
94 29 16 18 20 22
95 30 16 18 27 25
96 33 16 18 27 29
97 32 16 18 27 28
98 7 20 23 30 16
99 30 16 30 23 25
100 32 16 30 23 24
101 9 20 18 16 17
102 32 27 18 16 17
103 59 17 16 18 19
104 32 23 30 16 17
105 59 17 16 30 31
106 30 18 16 30 23
107 32 18 16 30 31
108 21 18 20 23 30
109 21 18 20 23 25
110 22 18 20 23 24
111 30 18 27 25 23
112 33 18 27 25 29
113 32 18 27 25 26
114 39 18 27 29 25
115 32 30 16 18 19
116 22 23 20 18 19
117 54 21 20 18 19
118 54 22 20 18 19
119 32 25 27 18 19
120 60 19 18 27 29
121 59 19 18 27 28
122 7 20 18 16 30
123 7 20 18 27 25
124 10 20 18 27 29
125 9 20 18 27 28
126 9 20 23 30 31
127 7 20 23 25 27
128 10 20 23 25 29
129 9 20 23 25 26
130 29 27 18 20 21
131 29 30 23 20 21
132 29 25 23 20 21
133 54 21 20 23 24
134 29 27 18 20 22
135 29 30 23 20 22
136 29 25 23 20 22
137 54 22 20 23 24
138 21 23 20 18 27
139 33 23 25 27 29
140 32 23 25 27 28
141 39 23 25 29 27
142 59 24 23 30 31
143 32 27 25 23 24
144 60 24 23 25 29
145 59 24 23 25 26
146 32 25 23 30 31
147 45 25 29 27 28
148 32 30 23 25 26
149 60 26 25 27 29
150 59 26 25 27 28
151 45 27 29 25 26
152 30 27 25 23 30
153 30 27 18 16 30
154 60 28 27 25 29
155 33 30 23 25 29
156 7 32 5 3 49
157 6 32 35 37 39
158 7 32 35 37 46
159 9 32 35 37 38
160 7 32 35 49 42
161 9 32 35 49 50
162 29 37 35 32 33
163 29 49 35 32 33
164 54 33 32 35 36
165 29 37 35 32 34
166 29 49 35 32 34
167 54 34 32 35 36
168 21 42 39 37 35
169 29 35 37 39 40
170 29 35 37 39 41
171 30 35 37 46 44
172 33 35 37 46 48
173 32 35 37 46 47
174 7 39 42 49 35
175 30 35 49 42 44
176 32 35 49 42 43
177 9 39 37 35 36
178 32 46 37 35 36
179 59 36 35 37 38
180 32 42 49 35 36
181 59 36 35 49 50
182 30 37 35 49 42
183 32 37 35 49 50
184 21 37 39 42 49
185 21 37 39 42 44
186 22 37 39 42 43
187 30 37 46 44 42
188 33 37 46 44 48
189 32 37 46 44 45
190 39 37 46 48 44
191 32 49 35 37 38
192 22 42 39 37 38
193 54 40 39 37 38
194 54 41 39 37 38
195 32 44 46 37 38
196 60 38 37 46 48
197 59 38 37 46 47
198 7 39 37 35 49
199 7 39 37 46 44
200 10 39 37 46 48
201 9 39 37 46 47
202 9 39 42 49 50
203 7 39 42 44 46
204 10 39 42 44 48
205 9 39 42 44 45
206 29 46 37 39 40
207 29 49 42 39 40
208 29 44 42 39 40
209 54 40 39 42 43
210 29 46 37 39 41
211 29 49 42 39 41
212 29 44 42 39 41
213 54 41 39 42 43
214 21 42 39 37 46
215 33 42 44 46 48
216 32 42 44 46 47
217 39 42 44 48 46
218 59 43 42 49 50
219 32 46 44 42 43
220 60 43 42 44 48
221 59 43 42 44 45
222 32 44 42 49 50
223 45 44 48 46 47
224 32 49 42 44 45
225 60 45 44 46 48
226 59 45 44 46 47
227 45 46 48 44 45
228 30 46 44 42 49
229 30 46 37 35 49
230 60 47 46 44 48
231 33 49 42 44 48
232 21 51 53 56 63
233 21 51 53 56 58
234 22 51 53 56 57
235 30 51 60 58 56
236 33 51 60 58 62
237 32 51 60 58 59
238 39 51 60 62 58
239 21 51 73 70 68
240 29 51 73 70 71
241 29 51 73 70 72
242 30 51 73 63 56
243 30 51 73 63 65
244 32 51 73 63 64
245 22 56 53 51 52
246 54 54 53 51 52
247 54 55 53 51 52
248 32 58 60 51 52
249 60 52 51 60 62
250 59 52 51 60 61
251 9 70 73 51 52
252 32 63 73 51 52
253 59 52 51 73 74
254 7 53 51 60 58
255 10 53 51 60 62
256 9 53 51 60 61
257 6 53 51 73 70
258 7 53 51 73 63
259 9 53 51 73 74
260 7 53 56 63 65
261 7 53 56 63 73
262 9 53 56 63 64
263 7 53 56 58 60
264 10 53 56 58 62
265 9 53 56 58 59
266 29 60 51 53 54
267 29 73 51 53 54
268 29 63 56 53 54
269 29 58 56 53 54
270 54 54 53 56 57
271 29 60 51 53 55
272 29 73 51 53 55
273 29 63 56 53 55
274 29 58 56 53 55
275 54 55 53 56 57
276 21 56 53 51 60
277 21 56 53 51 73
278 30 56 63 65 68
279 33 56 63 65 67
280 32 56 63 65 66
281 7 70 73 63 56
282 32 56 63 73 74
283 33 56 58 60 62
284 32 56 58 60 61
285 39 56 58 62 60
286 32 65 63 56 57
287 32 73 63 56 57
288 59 57 56 63 64
289 32 60 58 56 57
290 60 57 56 58 62
291 59 57 56 58 59
292 30 58 56 63 65
293 30 58 56 63 73
294 32 58 56 63 64
295 30 58 60 51 73
296 45 58 62 60 61
297 32 63 56 58 59
298 60 59 58 60 62
299 59 59 58 60 61
300 45 60 62 58 59
301 30 60 58 56 63
302 7 70 73 51 60
303 30 60 51 73 63
304 32 60 51 73 74
305 60 61 60 58 62
306 32 73 51 60 61
307 33 73 51 60 62
308 33 63 56 58 62
309 7 70 68 65 63
310 33 63 65 68 67
311 32 63 65 68 69
312 39 63 65 67 68
313 21 63 73 70 68
314 29 63 73 70 71
315 29 63 73 70 72
316 32 68 65 63 64
317 60 64 63 65 67
318 59 64 63 65 66
319 9 70 73 63 64
320 59 64 63 73 74
321 7 70 73 63 65
322 32 65 63 73 74
323 21 73 70 68 65
324 29 65 68 70 71
325 29 65 68 70 72
326 13 70 68 67 65
327 45 65 67 68 69
328 32 73 63 65 66
329 9 70 68 65 66
330 60 66 65 68 67
331 59 66 65 68 69
332 45 68 67 65 66
333 33 73 63 65 67
334 10 70 68 65 67
335 60 69 68 65 67
336 23 73 70 68 67
337 55 71 70 68 67
338 55 72 70 68 67
339 30 73 63 65 68
340 22 68 70 73 74
341 22 73 70 68 69
342 54 71 70 68 69
343 54 72 70 68 69
344 54 71 70 73 74
345 54 72 70 73 74

Impropers

1 26 5 3 49 1
2 31 5 3 4 1
3 31 49 3 4 1
4 23 5 3 49 4
5 19 32 5 7 3
6 14 32 5 6 3
7 33 3 5 7 6
8 20 32 5 7 6
9 13 10 8 30 7
10 16 10 8 9 7
11 30 30 8 9 7
12 11 10 8 30 9
13 2 13 10 11 8
14 2 13 10 12 8
15 6 8 10 11 12
16 3 13 10 11 12
17 1 10 13 16 14
18 1 10 13 16 15
19 3 10 13 14 15
20 6 16 13 14 15
21 10 13 16 18 30
22 11 13 16 18 17
23 11 13 16 30 17
24 23 18 16 30 17
25 10 20 18 27 16
26 14 20 18 19 16
27 23 16 18 27 19
28 11 20 18 27 19
29 4 18 20 23 21
30 4 18 20 23 22
31 6 18 20 21 22
32 6 23 20 21 22
33 10 20 23 30 25
34 11 20 23 30 24
35 11 20 23 25 24
36 23 30 23 25 24
37 24 23 25 27 29
38 23 23 25 27 26
39 32 23 25 29 26
40 32 27 25 29 26
41 24 18 27 25 29
42 32 25 27 29 28
43 23 25 27 18 28
44 29 18 27 28 29
45 21 23 30 8 16
46 23 23 30 8 31
47 23 23 30 16 31
48 23 8 30 16 31
49 4 5 32 35 33
50 4 5 32 35 34
51 6 5 32 33 34
52 6 35 32 33 34
53 10 32 35 37 49
54 11 32 35 37 36
55 11 32 35 49 36
56 23 37 35 49 36
57 10 39 37 46 35
58 14 39 37 38 35
59 23 35 37 46 38
60 11 39 37 46 38
61 4 37 39 42 40
62 4 37 39 42 41
63 6 37 39 40 41
64 6 42 39 40 41
65 10 39 42 49 44
66 11 39 42 49 43
67 11 39 42 44 43
68 23 49 42 44 43
69 24 42 44 46 48
70 23 42 44 46 45
71 32 42 44 48 45
72 32 46 44 48 45
73 24 37 46 44 48
74 32 44 46 48 47
75 23 44 46 37 47
76 29 37 46 47 48
77 21 42 49 3 35
78 23 42 49 3 50
79 23 42 49 35 50
80 23 3 49 35 50
81 10 53 51 60 73
82 11 53 51 60 52
83 11 53 51 73 52
84 23 60 51 73 52
85 4 51 53 56 54
86 4 51 53 56 55
87 6 51 53 54 55
88 6 56 53 54 55
89 10 53 56 63 58
90 11 53 56 63 57
91 11 53 56 58 57
92 23 63 56 58 57
93 24 56 58 60 62
94 23 56 58 60 59
95 32 56 58 62 59
96 32 60 58 62 59
97 24 51 60 58 62
98 32 58 60 62 61
99 23 58 60 51 61
100 29 51 60 61 62
101 21 73 63 56 65
102 23 56 63 65 64
103 23 56 63 73 64
104 23 73 63 64 65
105 24 63 65 68 67
106 23 63 65 68 66
107 32 63 65 67 66
108 32 68 65 67 66
109 17 70 68 67 65
110 14 70 68 69 65
111 32 65 68 67 69
112 18 70 68 67 69
113 4 73 70 71 68
114 4 73 70 72 68
115 6 68 70 71 72
116 6 73 70 71 72
117 10 70 73 63 51
118 11 70 73 63 74
119 11 70 73 51 74
120 23 63 73 51 74
