delete edged atoms 
30 atoms
29 bonds
52 angles
57 dihedrals
32 impropers

Types

1	2
2	7
3	1
4	5
5	5
6	2
7	5
8	1
9	5
10	5
11	7
12	1
13	5
14	5
15	1
16	7
17	1
18	5
19	5
20	1
21	5
22	5
23	1
24	5
25	5
26	7
27	1
28	5
29	5
30	1

Charges

1	0.0800
2	-0.2660
3	0.0270
4	0.0530
5	0.0530
6	0.0800
7	0.0530
8	0.0270
9	0.0530
10	0.0530
11	-0.2660
12	0.0270
13	0.0530
14	0.0530
15	0.0000
16	-0.2660
17	0.0270
18	0.0530
19	0.0530
20	-0.1060
21	0.0530
22	0.0530
23	0.0270
24	0.0530
25	0.0530
26	-0.2660
27	0.0270
28	0.0530
29	0.0530
30	0.0000

Coords

1	21.6053001918	23.2982078451	12.7411210315
2	22.2533556004	23.8073540890	13.9438506767
3	23.6121459706	24.0253207961	13.7701867917
4	24.0410127588	23.3791513147	12.9693915257
5	23.8019193755	25.0638583399	13.4815481393
6	24.5306335327	23.7884263781	14.9447214852
7	24.5333231957	24.6427507925	15.6208852848
8	24.2313048489	22.5092909910	15.8210204509
9	24.8206704608	22.4128972174	16.7063273147
10	23.1845364716	22.6706248873	16.1738391434
11	24.2271614044	21.2841431039	15.1522190023
12	24.4344877190	20.1642574463	15.9629171111
13	23.8944579998	20.1529511968	16.9322071120
14	25.5193276063	20.1641373941	16.3178041471
15	24.3627229110	18.8056814795	15.1514972081
16	25.8982056134	23.7622862417	14.4633924964
17	26.8637177417	22.6426920813	14.3081833095
18	27.5565547183	22.9662092470	13.4821157047
19	26.3009741615	21.7473236310	13.9001837467
20	27.7290068580	22.1628176874	15.5705133298
21	27.2675115440	21.4376965208	16.1854029396
22	28.4806520487	21.5738895790	15.1106569789
23	28.4716036790	23.2067322362	16.4424939122
24	29.3754783105	22.7886403622	16.9802538132
25	28.8401209431	24.0293331253	15.7891523247
26	27.5730278691	23.6774075057	17.4152285987
27	28.0624011850	24.4906020858	18.4476683597
28	29.2052491454	24.5768484228	18.4776689566
29	27.7039858165	23.8655831180	19.3148464333
30	27.3310991246	25.9513809553	18.5011143580

Bonds

1	9	1	2
2	6	3	2
3	2	3	6
4	4	3	4
5	4	3	5
6	9	6	16
7	8	6	7
8	2	8	6
9	6	8	11
10	4	8	9
11	4	8	10
12	6	12	11
13	1	12	15
14	4	12	13
15	4	12	14
16	6	17	16
17	1	17	20
18	4	17	18
19	4	17	19
20	1	20	23
21	4	20	21
22	4	20	22
23	6	23	26
24	4	23	24
25	4	23	25
26	6	27	26
27	1	27	30
28	4	27	28
29	4	27	29

Angles

1	12	3	2	1
2	15	6	3	2
3	22	4	3	2
4	22	5	3	2
5	6	3	6	16
6	5	3	6	7
7	4	3	6	8
8	14	6	3	4
9	20	4	3	5
10	14	6	3	5
11	12	17	16	6
12	15	6	8	11
13	14	6	8	9
14	14	6	8	10
15	24	7	6	16
16	5	8	6	7
17	6	8	6	16
18	11	8	11	12
19	22	9	8	11
20	20	9	8	10
21	22	10	8	11
22	3	15	12	11
23	22	13	12	11
24	22	14	12	11
25	2	15	12	13
26	20	13	12	14
27	2	15	12	14
28	3	20	17	16
29	22	18	17	16
30	22	19	17	16
31	1	17	20	23
32	2	17	20	21
33	2	17	20	22
34	2	20	17	18
35	20	18	17	19
36	2	20	17	19
37	3	20	23	26
38	2	20	23	24
39	2	20	23	25
40	2	23	20	21
41	20	21	20	22
42	2	23	20	22
43	11	23	26	27
44	22	24	23	26
45	20	24	23	25
46	22	25	23	26
47	3	30	27	26
48	22	28	27	26
49	22	29	27	26
50	2	30	27	28
51	20	28	27	29
52	2	30	27	29

Dihedrals

1	35	6	3	2	1
2	19	1	2	3	4
3	19	1	2	3	5
4	33	2	3	6	16
5	28	7	6	3	2
6	6	8	6	3	2
7	8	3	6	16	17
8	6	3	6	8	11
9	5	3	6	8	9
10	5	3	6	8	10
11	25	4	3	6	16
12	24	4	3	6	7
13	5	8	6	3	4
14	25	5	3	6	16
15	24	5	3	6	7
16	5	8	6	3	5
17	4	20	17	16	6
18	19	6	16	17	18
19	19	6	16	17	19
20	14	12	11	8	6
21	17	17	16	6	7
22	28	7	6	8	11
23	24	9	8	6	7
24	24	10	8	6	7
25	8	8	6	16	17
26	3	15	12	11	8
27	16	8	11	12	13
28	16	8	11	12	14
29	25	9	8	6	16
30	16	12	11	8	9
31	25	10	8	6	16
32	16	12	11	8	10
33	33	11	8	6	16
34	2	23	20	17	16
35	23	21	20	17	16
36	23	22	20	17	16
37	2	17	20	23	26
38	1	17	20	23	24
39	1	17	20	23	25
40	1	23	20	17	18
41	22	18	17	20	21
42	22	18	17	20	22
43	1	23	20	17	19
44	22	19	17	20	21
45	22	19	17	20	22
46	3	20	23	26	27
47	23	21	20	23	26
48	22	21	20	23	24
49	22	21	20	23	25
50	23	22	20	23	26
51	22	22	20	23	24
52	22	22	20	23	25
53	3	30	27	26	23
54	16	23	26	27	28
55	16	23	26	27	29
56	16	27	26	23	24
57	16	27	26	23	25

Impropers

1	7	6	3	4	2
2	7	6	3	5	2
3	14	4	3	5	2
4	6	6	3	4	5
5	18	3	6	16	7
6	17	8	6	3	16
7	16	8	6	3	7
8	18	8	6	16	7
9	22	6	8	11	9
10	22	6	8	11	10
11	6	6	8	9	10
12	14	9	8	10	11
13	4	15	12	13	11
14	4	15	12	14	11
15	14	13	12	14	11
16	3	15	12	13	14
17	4	20	17	18	16
18	4	20	17	19	16
19	14	18	17	19	16
20	3	20	17	18	19
21	2	17	20	23	21
22	2	17	20	23	22
23	3	17	20	21	22
24	3	23	20	21	22
25	5	20	23	26	24
26	5	20	23	26	25
27	3	20	23	24	25
28	14	24	23	25	26
29	4	30	27	28	26
30	4	30	27	29	26
31	14	28	27	29	26
32	3	30	27	28	29