delete edged atoms 
30 atoms
29 bonds
52 angles
54 dihedrals
32 impropers

Types

1	2
2	7
3	1
4	5
5	5
6	1
7	5
8	5
9	1
10	5
11	5
12	7
13	1
14	5
15	5
16	1
17	1
18	1
19	5
20	5
21	7
22	1
23	5
24	5
25	3
26	5
27	6
28	1
29	5
30	5

Charges

1	0.0800
2	-0.2660
3	0.0270
4	0.0530
5	0.0530
6	-0.1060
7	0.0530
8	0.0530
9	0.0270
10	0.0530
11	0.0530
12	-0.2660
13	0.0270
14	0.0530
15	0.0530
16	0.0000
17	0.0000
18	0.0270
19	0.0530
20	0.0530
21	-0.2660
22	0.0270
23	0.0530
24	0.0530
25	0.0800
26	0.0530
27	-0.2660
28	0.0270
29	0.0530
30	0.0530

Coords

1	23.2622524755	13.0055742276	3.6069772210
2	24.5167615254	12.4353978141	3.3338577764
3	24.7317604482	11.3790648941	2.4866272130
4	24.4118487196	10.3579120314	2.9609542134
5	25.8472565834	11.2215634016	2.2827904678
6	24.1858936605	11.4558524524	1.0227179844
7	23.0896427959	11.2204941128	0.9573047259
8	24.7089749986	10.6081609467	0.4864554541
9	24.4318640270	12.7252092650	0.2190894128
10	23.7523665519	12.9169731273	-0.6232014172
11	24.4560591330	13.5256593045	0.9565155533
12	25.7386376560	12.8707391943	-0.4633890869
13	26.8198506465	13.4356606616	0.2165094662
14	27.1827185916	12.6481225509	0.8995825288
15	26.3764250399	14.2212558874	0.8841956965
16	28.0260422005	14.1479565929	-0.6160693493
17	19.3982726819	12.0133860814	19.9778583950
18	18.8874185499	11.7650304170	21.3803583832
19	18.6794456661	12.7144095904	21.9904642134
20	17.9224105363	11.3305314289	21.2788546043
21	19.7826227189	10.9001779527	22.0422692530
22	19.3242683264	10.2627676206	23.2035276290
23	18.9192746821	10.9215585361	24.0246283446
24	20.1168406367	9.6979412901	23.7323816390
25	18.2516402343	9.1582046266	23.0926484733
26	18.5360014110	8.2816109204	23.7133945631
27	16.9371184800	9.6491493508	23.4154754964
28	17.1103878369	8.9982702289	22.1291384739
29	16.6305571076	8.0521408642	22.0214162447
30	16.8760377911	9.6537368060	21.2680194338

Bonds

1	9	1	2
2	6	3	2
3	1	3	6
4	4	3	4
5	4	3	5
6	1	6	9
7	4	6	7
8	4	6	8
9	6	9	12
10	4	9	10
11	4	9	11
12	6	13	12
13	1	13	16
14	4	13	14
15	4	13	15
16	1	17	18
17	6	18	21
18	4	18	19
19	4	18	20
20	6	22	21
21	3	22	25
22	4	22	23
23	4	22	24
24	11	25	27
25	10	25	26
26	3	28	25
27	5	28	27
28	4	28	29
29	4	28	30

Angles

1	12	3	2	1
2	3	6	3	2
3	22	4	3	2
4	22	5	3	2
5	1	3	6	9
6	2	3	6	7
7	2	3	6	8
8	2	6	3	4
9	20	4	3	5
10	2	6	3	5
11	3	6	9	12
12	2	6	9	10
13	2	6	9	11
14	2	9	6	7
15	20	7	6	8
16	2	9	6	8
17	11	9	12	13
18	22	10	9	12
19	20	10	9	11
20	22	11	9	12
21	3	16	13	12
22	22	14	13	12
23	22	15	13	12
24	2	16	13	14
25	20	14	13	15
26	2	16	13	15
27	3	17	18	21
28	2	17	18	19
29	2	17	18	20
30	11	18	21	22
31	22	19	18	21
32	20	19	18	20
33	22	20	18	21
34	19	25	22	21
35	22	23	22	21
36	22	24	22	21
37	9	22	25	27
38	8	22	25	26
39	7	22	25	28
40	17	25	22	23
41	20	23	22	24
42	17	25	22	24
43	10	28	27	25
44	18	25	28	27
45	17	25	28	29
46	17	25	28	30
47	25	26	25	27
48	8	28	25	26
49	9	28	25	27
50	21	29	28	27
51	21	30	28	27
52	20	29	28	30

Dihedrals

1	4	6	3	2	1
2	19	1	2	3	4
3	19	1	2	3	5
4	2	9	6	3	2
5	23	7	6	3	2
6	23	8	6	3	2
7	2	3	6	9	12
8	1	3	6	9	10
9	1	3	6	9	11
10	1	9	6	3	4
11	22	4	3	6	7
12	22	4	3	6	8
13	1	9	6	3	5
14	22	5	3	6	7
15	22	5	3	6	8
16	3	6	9	12	13
17	23	7	6	9	12
18	22	7	6	9	10
19	22	7	6	9	11
20	23	8	6	9	12
21	22	8	6	9	10
22	22	8	6	9	11
23	3	16	13	12	9
24	16	9	12	13	14
25	16	9	12	13	15
26	16	13	12	9	10
27	16	13	12	9	11
28	3	17	18	21	22
29	15	18	21	22	25
30	16	18	21	22	23
31	16	18	21	22	24
32	16	22	21	18	19
33	16	22	21	18	20
34	32	27	25	22	21
35	31	26	25	22	21
36	11	28	25	22	21
37	12	22	25	27	28
38	10	22	25	28	27
39	9	22	25	28	29
40	9	22	25	28	30
41	27	23	22	25	27
42	26	23	22	25	26
43	9	28	25	22	23
44	27	24	22	25	27
45	26	24	22	25	26
46	9	28	25	22	24
47	20	25	27	28	29
48	20	25	27	28	30
49	13	28	27	25	26
50	30	26	25	28	27
51	26	29	28	25	26
52	26	30	28	25	26
53	27	29	28	25	27
54	27	30	28	25	27

Impropers

1	4	6	3	4	2
2	4	6	3	5	2
3	14	4	3	5	2
4	3	6	3	4	5
5	2	3	6	9	7
6	2	3	6	9	8
7	3	3	6	7	8
8	3	9	6	7	8
9	5	6	9	12	10
10	5	6	9	12	11
11	3	6	9	10	11
12	14	10	9	11	12
13	4	16	13	14	12
14	4	16	13	15	12
15	14	14	13	15	12
16	3	16	13	14	15
17	5	17	18	21	19
18	5	17	18	21	20
19	3	17	18	19	20
20	14	19	18	20	21
21	11	25	22	23	21
22	11	25	22	24	21
23	14	23	22	24	21
24	9	25	22	23	24
25	21	22	25	27	26
26	20	28	25	22	27
27	19	28	25	22	26
28	21	28	25	27	26
29	10	25	28	29	27
30	10	25	28	30	27
31	13	29	28	30	27
32	9	25	28	29	30