delete edged atoms 
34 atoms
37 bonds
76 angles
129 dihedrals
48 impropers

Types

1	2
2	7
3	2
4	5
5	2
6	5
7	7
8	2
9	5
10	1
11	5
12	5
13	2
14	5
15	2
16	5
17	2
18	2
19	2
20	5
21	1
22	5
23	5
24	2
25	5
26	2
27	5
28	2
29	2
30	2
31	5
32	1
33	5
34	5

Charges

1	0.0800
2	-0.2660
3	0.0800
4	0.0530
5	0.0800
6	0.0530
7	-0.2660
8	0.0800
9	0.0530
10	-0.1060
11	0.0530
12	0.0530
13	-0.0530
14	0.0530
15	-0.0530
16	0.0530
17	0.0800
18	-0.0530
19	-0.0530
20	0.0530
21	-0.1060
22	0.0530
23	0.0530
24	-0.0530
25	0.0530
26	-0.0530
27	0.0530
28	0.0800
29	-0.0530
30	-0.0530
31	0.0530
32	-0.1060
33	0.0530
34	0.0530

Coords

1	56.5450834283	24.9663190804	64.8807043644
2	56.2432395009	26.2187636727	65.4439881447
3	55.3212001294	26.0509342375	66.5163529286
4	54.5570939081	25.6111972414	65.9825020377
5	54.6108945342	27.3722005882	66.9706353751
6	53.7305949380	27.6645497859	66.4060218204
7	55.4132719256	28.5130544801	67.0802739763
8	56.2767069002	29.0813988345	66.1835724162
9	57.1718086376	28.4724083625	65.8953257500
10	55.6954936666	29.7451864138	64.8652946307
11	56.1070121118	29.3495031707	63.9254947147
12	54.5377487240	29.5973679174	64.8231459610
13	56.0407578634	31.2337113908	65.1118658398
14	55.4105018084	31.9037049030	64.4914690456
15	57.5780582331	31.5251875292	65.1111674815
16	58.0345280183	30.8958562588	64.3365688703
17	57.8079061225	33.0128214155	64.9862366612
18	57.9759286722	31.0065851865	66.4885383937
19	56.6769511029	30.3171788994	67.0208846193
20	56.8826741809	30.1865145866	68.1130942068
21	55.5786992514	31.2890849416	66.5807607481
22	54.5095541106	30.9352038877	66.7852164891
23	55.7158452979	32.2163631704	67.0548929895
24	54.2367932340	27.0843974430	68.4143961606
25	53.7237961873	27.9493272636	68.9146028838
26	53.3212624653	25.8689841972	68.5961546452
27	53.1583434098	25.8247881484	69.7003883247
28	52.0078109054	25.5337870719	67.9636376136
29	54.1352834697	24.5909851460	68.1050828880
30	55.6177660783	25.2872119967	67.9506708259
31	56.6502168020	24.8785794303	67.8746566091
32	55.5680620613	26.4653971413	68.9760101829
33	56.4663883951	27.1621327727	68.8687175988
34	55.5399867393	26.2396052150	70.0186668362

Bonds

1	9	1	2
2	9	3	2
3	5	3	5
4	5	3	30
5	7	3	4
6	5	5	24
7	9	5	7
8	7	5	6
9	9	8	7
10	2	10	8
11	5	8	19
12	7	8	9
13	2	10	13
14	4	10	11
15	4	10	12
16	5	13	15
17	2	21	13
18	7	13	14
19	5	15	17
20	5	15	18
21	7	15	16
22	5	18	19
23	2	21	19
24	7	19	20
25	4	21	22
26	4	21	23
27	5	24	26
28	2	32	24
29	7	24	25
30	5	26	28
31	5	26	29
32	7	26	27
33	5	29	30
34	2	32	30
35	7	30	31
36	4	32	33
37	4	32	34

Angles

1	24	1	2	3
2	18	5	3	2
3	18	30	3	2
4	33	4	3	2
5	14	3	5	24
6	18	3	5	7
7	16	3	5	6
8	14	3	30	29
9	4	32	30	3
10	16	3	30	31
11	16	5	3	4
12	16	30	3	4
13	14	5	3	30
14	14	5	24	26
15	4	32	24	5
16	16	5	24	25
17	24	5	7	8
18	16	24	5	6
19	33	6	5	7
20	18	24	5	7
21	7	10	8	7
22	18	19	8	7
23	33	9	8	7
24	11	8	10	13
25	13	8	10	11
26	13	8	10	12
27	14	8	19	18
28	4	21	19	8
29	16	8	19	20
30	5	10	8	9
31	16	19	8	9
32	4	10	8	19
33	4	10	13	15
34	3	10	13	21
35	5	10	13	14
36	13	13	10	11
37	31	11	10	12
38	13	13	10	12
39	14	13	15	17
40	14	13	15	18
41	16	13	15	16
42	11	13	21	19
43	13	13	21	22
44	13	13	21	23
45	16	15	13	14
46	5	21	13	14
47	4	21	13	15
48	14	15	18	19
49	16	17	15	16
50	16	18	15	16
51	14	17	15	18
52	4	21	19	18
53	16	18	19	20
54	13	19	21	22
55	13	19	21	23
56	5	21	19	20
57	31	22	21	23
58	14	24	26	28
59	14	24	26	29
60	16	24	26	27
61	11	24	32	30
62	13	24	32	33
63	13	24	32	34
64	16	26	24	25
65	5	32	24	25
66	4	32	24	26
67	14	26	29	30
68	16	28	26	27
69	16	29	26	27
70	14	28	26	29
71	4	32	30	29
72	16	29	30	31
73	13	30	32	33
74	13	30	32	34
75	5	32	30	31
76	31	33	32	34

Dihedrals

1	40	5	3	2	1
2	40	30	3	2	1
3	46	1	2	3	4
4	34	24	5	3	2
5	67	2	3	5	7
6	61	6	5	3	2
7	34	29	30	3	2
8	11	32	30	3	2
9	61	31	30	3	2
10	30	3	5	24	26
11	7	32	24	5	3
12	32	3	5	24	25
13	40	3	5	7	8
14	30	3	30	29	26
15	21	24	32	30	3
16	29	3	30	32	33
17	29	3	30	32	34
18	32	24	5	3	4
19	61	4	3	5	7
20	59	4	3	5	6
21	32	29	30	3	4
22	9	32	30	3	4
23	59	4	3	30	31
24	30	5	3	30	29
25	7	32	30	3	5
26	32	5	3	30	31
27	30	5	24	26	28
28	30	5	24	26	29
29	32	5	24	26	27
30	21	30	32	24	5
31	29	5	24	32	33
32	29	5	24	32	34
33	14	10	8	7	5
34	40	19	8	7	5
35	46	5	7	8	9
36	32	30	3	5	6
37	32	26	24	5	6
38	9	32	24	5	6
39	59	6	5	24	25
40	46	8	7	5	6
41	34	30	3	5	7
42	34	26	24	5	7
43	11	32	24	5	7
44	61	25	24	5	7
45	24	13	10	8	7
46	56	11	10	8	7
47	56	12	10	8	7
48	34	18	19	8	7
49	11	21	19	8	7
50	61	20	19	8	7
51	40	24	5	7	8
52	21	8	10	13	15
53	4	21	13	10	8
54	22	8	10	13	14
55	30	8	19	18	15
56	21	13	21	19	8
57	29	8	19	21	22
58	29	8	19	21	23
59	22	13	10	8	9
60	54	11	10	8	9
61	54	12	10	8	9
62	32	18	19	8	9
63	9	21	19	8	9
64	59	9	8	19	20
65	7	10	8	19	18
66	6	10	8	19	21
67	9	10	8	19	20
68	7	10	13	15	17
69	7	10	13	15	18
70	9	10	13	15	16
71	4	10	13	21	19
72	5	10	13	21	22
73	5	10	13	21	23
74	29	19	8	10	11
75	29	15	13	10	11
76	5	21	13	10	11
77	54	11	10	13	14
78	29	19	8	10	12
79	29	15	13	10	12
80	5	21	13	10	12
81	54	12	10	13	14
82	21	13	10	8	19
83	30	13	15	18	19
84	21	13	21	19	18
85	22	13	21	19	20
86	32	17	15	13	14
87	32	18	15	13	14
88	59	14	13	15	16
89	22	19	21	13	14
90	54	22	21	13	14
91	54	23	21	13	14
92	21	19	21	13	15
93	29	15	13	21	22
94	29	15	13	21	23
95	7	21	19	18	15
96	32	15	18	19	20
97	9	21	13	15	16
98	32	19	18	15	16
99	7	21	13	15	17
100	30	17	15	18	19
101	29	18	19	21	22
102	29	18	19	21	23
103	7	21	13	15	18
104	54	22	21	19	20
105	54	23	21	19	20
106	30	24	5	3	30
107	30	24	26	29	30
108	21	24	32	30	29
109	22	24	32	30	31
110	32	28	26	24	25
111	32	29	26	24	25
112	59	25	24	26	27
113	22	30	32	24	25
114	54	33	32	24	25
115	54	34	32	24	25
116	21	30	32	24	26
117	29	26	24	32	33
118	29	26	24	32	34
119	7	32	30	29	26
120	32	26	29	30	31
121	9	32	24	26	27
122	32	30	29	26	27
123	7	32	24	26	28
124	30	28	26	29	30
125	29	29	30	32	33
126	29	29	30	32	34
127	7	32	24	26	29
128	54	33	32	30	31
129	54	34	32	30	31

Impropers

1	25	5	3	30	2
2	30	5	3	4	2
3	30	30	3	4	2
4	23	5	3	30	4
5	25	3	5	24	7
6	23	3	5	24	6
7	33	3	5	7	6
8	33	24	5	7	6
9	13	10	8	19	7
10	16	10	8	9	7
11	30	19	8	9	7
12	11	10	8	19	9
13	4	8	10	13	11
14	4	8	10	13	12
15	6	8	10	11	12
16	6	13	10	11	12
17	8	21	13	10	15
18	11	10	13	15	14
19	9	10	13	21	14
20	14	21	13	14	15
21	21	13	15	17	18
22	23	13	15	17	16
23	23	13	15	18	16
24	23	17	15	18	16
25	10	21	19	8	18
26	14	21	19	20	18
27	23	18	19	8	20
28	11	21	19	8	20
29	4	19	21	13	22
30	4	19	21	13	23
31	6	19	21	22	23
32	6	13	21	22	23
33	10	32	24	5	26
34	23	5	24	26	25
35	14	32	24	25	5
36	14	32	24	25	26
37	21	24	26	28	29
38	23	24	26	28	27
39	23	24	26	29	27
40	23	28	26	29	27
41	10	32	30	3	29
42	14	32	30	31	29
43	23	29	30	3	31
44	11	32	30	3	31
45	4	30	32	24	33
46	4	30	32	24	34
47	6	30	32	33	34
48	6	24	32	33	34