delete edged atoms 
32 atoms
34 bonds
69 angles
111 dihedrals
44 impropers

Types

1	2
2	7
3	2
4	5
5	1
6	5
7	5
8	1
9	5
10	5
11	2
12	5
13	2
14	2
15	2
16	5
17	2
18	5
19	1
20	5
21	5
22	2
23	5
24	2
25	5
26	2
27	5
28	6
29	2
30	5
31	2
32	2

Charges

1	0.0800
2	-0.2660
3	0.0800
4	0.0530
5	-0.1060
6	0.0530
7	0.0530
8	-0.1060
9	0.0530
10	0.0530
11	-0.0530
12	0.0530
13	-0.0530
14	-0.0530
15	-0.0530
16	0.0530
17	-0.0530
18	0.0530
19	-0.1060
20	0.0530
21	0.0530
22	-0.0530
23	0.0530
24	0.0800
25	0.0530
26	0.0800
27	0.0530
28	-0.2660
29	-0.0530
30	0.0530
31	0.0800
32	-0.0530

Coords

1	5.3494062294	-0.7245223141	5.4285916246
2	5.3106287481	-1.4641434390	6.6979867292
3	5.5916248764	-0.7786408968	7.9047219260
4	6.1682346057	0.1587652937	7.7638206637
5	6.4668108321	-1.7564513596	8.7615819519
6	6.3360580784	-2.7280013527	8.3276461220
7	7.5106386377	-1.4250945616	8.6745841366
8	5.8301130184	-1.6297733709	10.2073580233
9	5.6634814704	-2.6593971399	10.6467772628
10	6.6116828193	-1.2343494634	10.9299117742
11	4.4417413345	-0.9556127571	10.1126945308
12	3.7768517737	-1.7785923572	10.4184804271
13	3.9197238780	0.2674903934	10.8742815539
14	3.5019067105	0.8989412296	8.7305633569
15	4.2095661368	-0.5311686059	8.5972467280
16	3.5000845427	-1.1900092359	8.1893772962
17	17.0383067952	2.8356185332	2.1516767747
18	16.2121866751	2.5809728337	1.4237377313
19	18.5242674413	2.4621325113	1.9553728088
20	18.9090808480	2.8488635028	0.9645043336
21	18.6649017974	1.3648983647	2.0120233846
22	19.0641308780	3.1791547815	3.2215958418
23	20.1549647306	3.1994236660	3.3947112192
24	18.4002240125	4.5959378638	3.0777588905
25	18.5828132470	5.3566227304	3.8962914713
26	17.0932683194	4.3839597242	2.4757909385
27	16.1320191075	4.8615986654	2.7351832788
28	18.0967854700	5.0786975268	1.7414767462
29	18.1842207718	2.5642012892	4.3971060561
30	17.9645797911	3.4101409674	5.1291256830
31	18.5347446890	1.4317208819	5.3087605144
32	16.8515654468	2.2520354538	3.5949815243

Bonds

1	9	1	2
2	9	3	2
3	2	5	3
4	5	3	15
5	7	3	4
6	1	5	8
7	4	5	6
8	4	5	7
9	2	8	11
10	4	8	9
11	4	8	10
12	5	11	13
13	5	11	15
14	7	11	12
15	5	14	15
16	7	15	16
17	2	19	17
18	5	17	26
19	5	17	32
20	7	17	18
21	2	19	22
22	4	19	20
23	4	19	21
24	5	22	29
25	5	22	24
26	7	22	23
27	5	24	26
28	8	24	28
29	7	24	25
30	8	26	28
31	7	26	27
32	5	29	31
33	5	29	32
34	7	29	30

Angles

1	24	1	2	3
2	7	5	3	2
3	18	15	3	2
4	33	4	3	2
5	1	8	5	3
6	13	3	5	6
7	13	3	5	7
8	14	3	15	14
9	14	3	15	11
10	16	3	15	16
11	5	5	3	4
12	16	15	3	4
13	4	5	3	15
14	1	5	8	11
15	2	5	8	9
16	2	5	8	10
17	2	8	5	6
18	31	6	5	7
19	2	8	5	7
20	4	8	11	13
21	4	8	11	15
22	5	8	11	12
23	13	11	8	9
24	31	9	8	10
25	13	11	8	10
26	14	11	15	14
27	16	11	15	16
28	16	13	11	12
29	16	15	11	12
30	14	13	11	15
31	16	14	15	16
32	11	17	19	22
33	13	17	19	20
34	13	17	19	21
35	14	17	26	24
36	17	17	26	28
37	16	17	26	27
38	14	17	32	29
39	5	19	17	18
40	16	26	17	18
41	16	32	17	18
42	4	19	17	26
43	4	19	17	32
44	4	19	22	29
45	4	19	22	24
46	5	19	22	23
47	13	22	19	20
48	31	20	19	21
49	13	22	19	21
50	14	22	29	31
51	14	22	29	32
52	16	22	29	30
53	14	22	24	26
54	17	22	24	28
55	16	22	24	25
56	16	29	22	23
57	16	24	22	23
58	14	24	22	29
59	17	24	26	28
60	16	24	26	27
61	23	24	28	26
62	16	26	24	25
63	32	25	24	28
64	17	26	24	28
65	14	26	17	32
66	32	27	26	28
67	16	31	29	30
68	16	32	29	30
69	14	32	29	31

Dihedrals

1	14	5	3	2	1
2	40	15	3	2	1
3	46	1	2	3	4
4	3	8	5	3	2
5	56	6	5	3	2
6	56	7	5	3	2
7	34	14	15	3	2
8	34	11	15	3	2
9	61	16	15	3	2
10	19	3	5	8	11
11	20	3	5	8	9
12	20	3	5	8	10
13	7	8	11	15	3
14	30	3	15	11	13
15	32	3	15	11	12
16	2	8	5	3	4
17	54	6	5	3	4
18	54	7	5	3	4
19	32	14	15	3	4
20	32	11	15	3	4
21	59	4	3	15	16
22	7	5	3	15	14
23	7	5	3	15	11
24	9	5	3	15	16
25	1	5	8	11	13
26	1	5	8	11	15
27	2	5	8	11	12
28	29	15	3	5	6
29	20	11	8	5	6
30	53	6	5	8	9
31	53	6	5	8	10
32	29	15	3	5	7
33	20	11	8	5	7
34	53	7	5	8	9
35	53	7	5	8	10
36	1	8	5	3	15
37	7	8	11	15	14
38	9	8	11	15	16
39	29	13	11	8	9
40	29	15	11	8	9
41	54	9	8	11	12
42	29	13	11	8	10
43	29	15	11	8	10
44	54	10	8	11	12
45	32	14	15	11	12
46	59	12	11	15	16
47	30	13	11	15	14
48	32	13	11	15	16
49	21	17	19	22	29
50	21	17	19	22	24
51	22	17	19	22	23
52	30	17	26	24	22
53	33	17	26	24	28
54	32	17	26	24	25
55	39	17	26	28	24
56	30	17	32	29	22
57	30	17	32	29	31
58	32	17	32	29	30
59	22	22	19	17	18
60	54	20	19	17	18
61	54	21	19	17	18
62	32	24	26	17	18
63	60	18	17	26	28
64	59	18	17	26	27
65	32	29	32	17	18
66	7	19	17	26	24
67	10	19	17	26	28
68	9	19	17	26	27
69	7	19	17	32	29
70	7	19	22	29	31
71	7	19	22	29	32
72	9	19	22	29	30
73	7	19	22	24	26
74	10	19	22	24	28
75	9	19	22	24	25
76	29	26	17	19	20
77	29	32	17	19	20
78	29	29	22	19	20
79	29	24	22	19	20
80	54	20	19	22	23
81	29	26	17	19	21
82	29	32	17	19	21
83	29	29	22	19	21
84	29	24	22	19	21
85	54	21	19	22	23
86	21	22	19	17	26
87	21	22	19	17	32
88	33	22	24	26	28
89	32	22	24	26	27
90	39	22	24	28	26
91	32	31	29	22	23
92	32	32	29	22	23
93	59	23	22	29	30
94	32	26	24	22	23
95	60	23	22	24	28
96	59	23	22	24	25
97	30	24	22	29	31
98	30	24	22	29	32
99	32	24	22	29	30
100	30	24	26	17	32
101	45	24	28	26	27
102	32	29	22	24	25
103	60	25	24	26	28
104	59	25	24	26	27
105	45	26	28	24	25
106	30	26	24	22	29
107	30	26	17	32	29
108	60	27	26	24	28
109	32	32	17	26	27
110	33	32	17	26	28
111	33	29	22	24	28

Impropers

1	13	5	3	15	2
2	16	5	3	4	2
3	30	15	3	4	2
4	11	5	3	15	4
5	2	8	5	6	3
6	2	8	5	7	3
7	6	3	5	6	7
8	3	8	5	6	7
9	1	5	8	11	9
10	1	5	8	11	10
11	3	5	8	9	10
12	6	11	8	9	10
13	10	8	11	13	15
14	11	8	11	13	12
15	11	8	11	15	12
16	23	13	11	15	12
17	21	14	15	3	11
18	23	14	15	3	16
19	23	14	15	11	16
20	23	3	15	11	16
21	10	19	17	26	32
22	11	19	17	26	18
23	11	19	17	32	18
24	23	26	17	32	18
25	4	17	19	22	20
26	4	17	19	22	21
27	6	17	19	20	21
28	6	22	19	20	21
29	10	19	22	29	24
30	11	19	22	29	23
31	11	19	22	24	23
32	23	29	22	24	23
33	24	22	24	26	28
34	23	22	24	26	25
35	32	22	24	28	25
36	32	26	24	28	25
37	24	17	26	24	28
38	32	24	26	28	27
39	23	24	26	17	27
40	29	17	26	27	28
41	21	32	29	22	31
42	23	22	29	31	30
43	23	22	29	32	30
44	23	32	29	30	31