delete edged atoms 
42 atoms
41 bonds
76 angles
105 dihedrals
48 impropers

Types

1	1
2	6
3	1
4	4
5	4
6	1
7	1
8	4
9	4
10	1
11	4
12	4
13	4
14	1
15	4
16	4
17	6
18	1
19	1
20	4
21	4
22	6
23	1
24	4
25	4
26	1
27	1
28	4
29	4
30	1
31	4
32	4
33	4
34	1
35	4
36	4
37	6
38	1
39	1
40	4
41	4
42	4

Charges

1	0.0270
2	-0.2660
3	0.0270
4	0.0530
5	0.0530
6	0.0000
7	-0.1060
8	0.0530
9	0.0530
10	-0.1590
11	0.0530
12	0.0530
13	0.0530
14	0.0270
15	0.0530
16	0.0530
17	-0.2660
18	0.0270
19	0.0270
20	0.0530
21	0.0530
22	-0.2660
23	0.0270
24	0.0530
25	0.0530
26	0.0000
27	-0.1060
28	0.0530
29	0.0530
30	-0.1590
31	0.0530
32	0.0530
33	0.0530
34	0.0270
35	0.0530
36	0.0530
37	-0.2660
38	0.0270
39	-0.1590
40	0.0530
41	0.0530
42	0.0530

Coords

1	19.4589114601	0.9438186275	16.1419858233
2	20.2532528363	-0.0530750290	16.7221416533
3	20.6851219647	-1.2411627772	16.1742609468
4	21.6411919155	-1.4023888026	16.6470925560
5	20.9545058944	-1.1154405553	15.1248130000
6	19.8914732483	-2.5657389131	16.2964743278
7	19.8255177436	-2.9158509950	17.8503886465
8	19.2336101541	-3.8524470581	17.8525394936
9	19.3005454452	-2.1316249733	18.3496738051
10	21.1550462317	-3.1367229016	18.6204907687
11	20.8232855668	-3.3594024244	19.6592490625
12	21.8955506359	-2.3322657906	18.7008253348
13	21.6707155307	-4.0436788676	18.2866476364
14	20.6841516072	-3.5725308638	15.3226859243
15	20.7721946602	-2.9114305263	14.3871973945
16	20.0464494191	-4.3891653941	15.0104643388
17	21.8997389429	-4.1494257587	15.6623503413
18	23.1771257442	-3.7682824935	15.1678827359
19	18.4575239702	-2.5315551147	15.7118488627
20	18.4637734840	-2.0907227981	14.7280701276
21	18.0267681093	-3.5672898847	15.6801420274
22	17.6994449208	-1.6605279275	16.5150923237
23	16.6978132133	-2.1919710943	17.4250222711
24	16.9268004514	-3.1492201383	17.8822817830
25	15.7319661694	-2.4116326407	16.9184206649
26	16.3890799241	-1.2030558149	18.7167119598
27	16.9130323905	-1.8707944415	20.0656210623
28	16.2808921498	-2.8041716507	20.1732208614
29	17.9818538389	-2.2485325125	19.9616270195
30	16.8596767100	-0.9627117165	21.4276833486
31	16.8092231707	-1.6869210095	22.3075550940
32	17.8711380468	-0.5380117355	21.5463847583
33	16.1719089797	-0.1397065446	21.4578434650
34	14.8753665933	-0.7361424710	18.8419544991
35	14.7714305213	-0.1622594789	19.7299271217
36	14.7818842476	-0.0771816103	18.0343249860
37	13.9667012048	-1.8578425508	18.7208604124
38	12.8119602704	-1.5929588748	17.9188081774
39	17.2623437002	0.0698138021	18.5449635237
40	17.2166643357	0.7421082123	19.4164389552
41	16.9370645160	0.6007893299	17.6312883649
42	18.3292919724	-0.2253799373	18.4746692463

Bonds

1	5	1	2
2	5	3	2
3	1	3	6
4	3	3	4
5	3	3	5
6	1	6	19
7	1	6	7
8	1	6	14
9	1	7	10
10	3	7	8
11	3	7	9
12	3	10	11
13	3	10	12
14	3	10	13
15	5	14	17
16	3	14	15
17	3	14	16
18	5	18	17
19	5	19	22
20	3	19	20
21	3	19	21
22	5	23	22
23	1	23	26
24	3	23	24
25	3	23	25
26	1	26	39
27	1	26	27
28	1	26	34
29	1	27	30
30	3	27	28
31	3	27	29
32	3	30	31
33	3	30	32
34	3	30	33
35	5	34	37
36	3	34	35
37	3	34	36
38	5	38	37
39	3	39	40
40	3	39	41
41	3	39	42

Angles

1	10	1	2	3
2	5	6	3	2
3	16	4	3	2
4	16	5	3	2
5	1	3	6	19
6	1	3	6	7
7	1	3	6	14
8	3	6	3	4
9	14	4	3	5
10	3	6	3	5
11	5	6	19	22
12	3	6	19	20
13	3	6	19	21
14	1	6	7	10
15	3	6	7	8
16	3	6	7	9
17	5	6	14	17
18	3	6	14	15
19	3	6	14	16
20	1	7	6	19
21	1	7	6	14
22	3	7	10	11
23	3	7	10	12
24	3	7	10	13
25	3	10	7	8
26	14	8	7	9
27	3	10	7	9
28	14	11	10	12
29	14	11	10	13
30	14	12	10	13
31	1	14	6	19
32	10	14	17	18
33	16	15	14	17
34	14	15	14	16
35	16	16	14	17
36	10	19	22	23
37	16	20	19	22
38	14	20	19	21
39	16	21	19	22
40	5	26	23	22
41	16	24	23	22
42	16	25	23	22
43	1	23	26	39
44	1	23	26	27
45	1	23	26	34
46	3	26	23	24
47	14	24	23	25
48	3	26	23	25
49	3	26	39	40
50	3	26	39	41
51	3	26	39	42
52	1	26	27	30
53	3	26	27	28
54	3	26	27	29
55	5	26	34	37
56	3	26	34	35
57	3	26	34	36
58	1	27	26	39
59	1	27	26	34
60	3	27	30	31
61	3	27	30	32
62	3	27	30	33
63	3	30	27	28
64	14	28	27	29
65	3	30	27	29
66	14	31	30	32
67	14	31	30	33
68	14	32	30	33
69	1	34	26	39
70	10	34	37	38
71	16	35	34	37
72	14	35	34	36
73	16	36	34	37
74	14	40	39	41
75	14	40	39	42
76	14	41	39	42

Dihedrals

1	10	6	3	2	1
2	16	1	2	3	4
3	16	1	2	3	5
4	5	19	6	3	2
5	5	7	6	3	2
6	5	14	6	3	2
7	5	3	6	19	22
8	3	3	6	19	20
9	3	3	6	19	21
10	1	3	6	7	10
11	3	3	6	7	8
12	3	3	6	7	9
13	5	3	6	14	17
14	3	3	6	14	15
15	3	3	6	14	16
16	3	19	6	3	4
17	3	7	6	3	4
18	3	14	6	3	4
19	3	19	6	3	5
20	3	7	6	3	5
21	3	14	6	3	5
22	10	6	19	22	23
23	3	6	7	10	11
24	3	6	7	10	12
25	3	6	7	10	13
26	10	6	14	17	18
27	5	7	6	19	22
28	3	7	6	19	20
29	3	7	6	19	21
30	5	7	6	14	17
31	3	7	6	14	15
32	3	7	6	14	16
33	3	19	6	7	8
34	3	14	6	7	8
35	19	8	7	10	11
36	19	8	7	10	12
37	19	8	7	10	13
38	3	19	6	7	9
39	3	14	6	7	9
40	19	9	7	10	11
41	19	9	7	10	12
42	19	9	7	10	13
43	1	10	7	6	19
44	1	10	7	6	14
45	5	14	6	19	22
46	3	14	6	19	20
47	3	14	6	19	21
48	3	19	6	14	15
49	16	18	17	14	15
50	3	19	6	14	16
51	16	18	17	14	16
52	5	19	6	14	17
53	10	26	23	22	19
54	16	19	22	23	24
55	16	19	22	23	25
56	16	23	22	19	20
57	16	23	22	19	21
58	5	39	26	23	22
59	5	27	26	23	22
60	5	34	26	23	22
61	3	23	26	39	40
62	3	23	26	39	41
63	3	23	26	39	42
64	1	23	26	27	30
65	3	23	26	27	28
66	3	23	26	27	29
67	5	23	26	34	37
68	3	23	26	34	35
69	3	23	26	34	36
70	3	39	26	23	24
71	3	27	26	23	24
72	3	34	26	23	24
73	3	39	26	23	25
74	3	27	26	23	25
75	3	34	26	23	25
76	3	26	27	30	31
77	3	26	27	30	32
78	3	26	27	30	33
79	10	26	34	37	38
80	3	27	26	39	40
81	3	27	26	39	41
82	3	27	26	39	42
83	5	27	26	34	37
84	3	27	26	34	35
85	3	27	26	34	36
86	3	39	26	27	28
87	3	34	26	27	28
88	19	28	27	30	31
89	19	28	27	30	32
90	19	28	27	30	33
91	3	39	26	27	29
92	3	34	26	27	29
93	19	29	27	30	31
94	19	29	27	30	32
95	19	29	27	30	33
96	1	30	27	26	39
97	1	30	27	26	34
98	3	34	26	39	40
99	3	34	26	39	41
100	3	34	26	39	42
101	3	39	26	34	35
102	16	38	37	34	35
103	3	39	26	34	36
104	16	38	37	34	36
105	5	39	26	34	37

Impropers

1	7	6	3	4	2
2	7	6	3	5	2
3	15	4	3	5	2
4	5	6	3	4	5
5	1	3	6	19	7
6	1	3	6	19	14
7	1	3	6	7	14
8	1	19	6	7	14
9	2	6	7	10	8
10	2	6	7	10	9
11	5	6	7	8	9
12	5	10	7	8	9
13	5	7	10	11	12
14	5	7	10	11	13
15	5	7	10	12	13
16	13	11	10	12	13
17	9	6	14	17	15
18	9	6	14	17	16
19	5	6	14	15	16
20	15	15	14	16	17
21	9	6	19	22	20
22	9	6	19	22	21
23	5	6	19	20	21
24	15	20	19	21	22
25	7	26	23	24	22
26	7	26	23	25	22
27	15	24	23	25	22
28	5	26	23	24	25
29	1	23	26	39	27
30	1	23	26	39	34
31	1	23	26	27	34
32	1	39	26	27	34
33	2	26	27	30	28
34	2	26	27	30	29
35	5	26	27	28	29
36	5	30	27	28	29
37	5	27	30	31	32
38	5	27	30	31	33
39	5	27	30	32	33
40	13	31	30	32	33
41	9	26	34	37	35
42	9	26	34	37	36
43	5	26	34	35	36
44	15	35	34	36	37
45	5	26	39	40	41
46	5	26	39	40	42
47	5	26	39	41	42
48	13	40	39	41	42