delete edged atoms 
42 atoms
41 bonds
76 angles
105 dihedrals
48 impropers

Types

1	1
2	6
3	1
4	4
5	4
6	1
7	1
8	4
9	4
10	1
11	4
12	4
13	4
14	1
15	4
16	4
17	6
18	1
19	1
20	4
21	4
22	4
23	1
24	4
25	4
26	4
27	1
28	4
29	4
30	1
31	1
32	4
33	4
34	6
35	1
36	1
37	4
38	4
39	5
40	1
41	4
42	4

Charges

1	0.0270
2	-0.2660
3	0.0270
4	0.0530
5	0.0530
6	0.0000
7	-0.1060
8	0.0530
9	0.0530
10	-0.1590
11	0.0530
12	0.0530
13	0.0530
14	0.0270
15	0.0530
16	0.0530
17	-0.2660
18	0.0270
19	-0.1590
20	0.0530
21	0.0530
22	0.0530
23	-0.1590
24	0.0530
25	0.0530
26	0.0530
27	-0.1060
28	0.0530
29	0.0530
30	0.0000
31	0.0270
32	0.0530
33	0.0530
34	-0.2660
35	0.0270
36	0.0270
37	0.0530
38	0.0530
39	-0.2660
40	0.0270
41	0.0530
42	0.0530

Coords

1	15.0630552577	8.9583319688	-0.3554666669
2	15.3856396434	7.5535287212	-0.3104786455
3	16.4616601761	6.8090901656	0.4067048793
4	16.4016646473	7.1315202090	1.4330265527
5	16.0665220476	5.8307547325	0.1987107461
6	18.0029139299	6.8688989158	-0.0674335075
7	18.9418559664	5.8826687993	0.6845254560
8	20.0193906544	6.0088480291	0.3534662380
9	18.6443674251	4.8898525910	0.3605991262
10	18.9227965106	5.6404221424	2.1567094391
11	18.9990985318	6.4873230924	2.8585096795
12	18.1073657091	5.0345938635	2.4552944160
13	19.8836535165	5.1256831605	2.4192920267
14	18.7721877682	8.2483363988	-0.0465380126
15	19.6342192824	8.1250335795	-0.7686550150
16	18.1218571636	8.9778851676	-0.5047787451
17	19.4334563883	8.6187783576	1.1997880650
18	18.5490791464	9.1728586234	2.1783777250
19	18.1236377592	6.4983299549	-1.5602893201
20	17.4201892053	7.1132674247	-2.1604381389
21	19.1424213502	6.5244470159	-1.9669684775
22	17.7738650334	5.4841354553	-1.8051095844
23	17.2844000335	1.0509491900	17.7422454225
24	18.0589521522	0.3594581456	18.2082521939
25	16.6367186051	1.2015475247	18.6110776664
26	17.7986938122	1.9912510618	17.4872009293
27	16.4791276027	0.4187352766	16.5937816810
28	15.8760612112	1.2509759817	16.2950067244
29	17.1750695467	0.1236679673	15.7100969448
30	15.5784805372	-0.7727664014	16.9592021259
31	16.5259534474	-2.0290171936	16.9609625002
32	16.2090160770	-2.6341961791	16.0529762300
33	17.6139272314	-1.7714356190	16.7057135411
34	16.4680798091	-3.0196983087	17.9609414690
35	17.1653683873	-2.5473651486	19.1312345685
36	14.4618001828	-0.5434074932	18.0648636616
37	14.6518758563	0.4063495982	18.6178253986
38	14.3479066895	-1.3836014145	18.7928202632
39	13.3831994988	-0.4263643152	17.1421285366
40	14.2995039980	-0.8878112028	16.1191189144
41	13.9337197229	-1.9340898149	15.9429013145
42	14.0346327146	-0.3259477722	15.1673278460

Bonds

1	5	1	2
2	5	3	2
3	1	3	6
4	3	3	4
5	3	3	5
6	1	6	19
7	1	6	7
8	1	6	14
9	1	7	10
10	3	7	8
11	3	7	9
12	3	10	11
13	3	10	12
14	3	10	13
15	5	14	17
16	3	14	15
17	3	14	16
18	5	18	17
19	3	19	20
20	3	19	21
21	3	19	22
22	1	23	27
23	3	23	24
24	3	23	25
25	3	23	26
26	1	27	30
27	3	27	28
28	3	27	29
29	1	30	36
30	1	30	31
31	1	30	40
32	5	31	34
33	3	31	32
34	3	31	33
35	5	35	34
36	4	36	39
37	3	36	37
38	3	36	38
39	4	40	39
40	3	40	41
41	3	40	42

Angles

1	10	1	2	3
2	5	6	3	2
3	16	4	3	2
4	16	5	3	2
5	1	3	6	19
6	1	3	6	7
7	1	3	6	14
8	3	6	3	4
9	14	4	3	5
10	3	6	3	5
11	3	6	19	20
12	3	6	19	21
13	3	6	19	22
14	1	6	7	10
15	3	6	7	8
16	3	6	7	9
17	5	6	14	17
18	3	6	14	15
19	3	6	14	16
20	1	7	6	19
21	1	7	6	14
22	3	7	10	11
23	3	7	10	12
24	3	7	10	13
25	3	10	7	8
26	14	8	7	9
27	3	10	7	9
28	14	11	10	12
29	14	11	10	13
30	14	12	10	13
31	1	14	6	19
32	10	14	17	18
33	16	15	14	17
34	14	15	14	16
35	16	16	14	17
36	14	20	19	21
37	14	20	19	22
38	14	21	19	22
39	1	23	27	30
40	3	23	27	28
41	3	23	27	29
42	3	27	23	24
43	14	24	23	25
44	14	24	23	26
45	3	27	23	25
46	14	25	23	26
47	3	27	23	26
48	1	27	30	36
49	1	27	30	31
50	1	27	30	40
51	3	30	27	28
52	14	28	27	29
53	3	30	27	29
54	4	30	36	39
55	3	30	36	37
56	3	30	36	38
57	5	30	31	34
58	3	30	31	32
59	3	30	31	33
60	4	30	40	39
61	3	30	40	41
62	3	30	40	42
63	1	31	30	36
64	1	31	30	40
65	10	31	34	35
66	16	32	31	34
67	14	32	31	33
68	16	33	31	34
69	1	36	30	40
70	9	36	39	40
71	15	37	36	39
72	14	37	36	38
73	15	38	36	39
74	15	41	40	39
75	15	42	40	39
76	14	41	40	42

Dihedrals

1	10	6	3	2	1
2	16	1	2	3	4
3	16	1	2	3	5
4	5	19	6	3	2
5	5	7	6	3	2
6	5	14	6	3	2
7	3	3	6	19	20
8	3	3	6	19	21
9	3	3	6	19	22
10	1	3	6	7	10
11	3	3	6	7	8
12	3	3	6	7	9
13	5	3	6	14	17
14	3	3	6	14	15
15	3	3	6	14	16
16	3	19	6	3	4
17	3	7	6	3	4
18	3	14	6	3	4
19	3	19	6	3	5
20	3	7	6	3	5
21	3	14	6	3	5
22	3	6	7	10	11
23	3	6	7	10	12
24	3	6	7	10	13
25	10	6	14	17	18
26	3	7	6	19	20
27	3	7	6	19	21
28	3	7	6	19	22
29	5	7	6	14	17
30	3	7	6	14	15
31	3	7	6	14	16
32	3	19	6	7	8
33	3	14	6	7	8
34	19	8	7	10	11
35	19	8	7	10	12
36	19	8	7	10	13
37	3	19	6	7	9
38	3	14	6	7	9
39	19	9	7	10	11
40	19	9	7	10	12
41	19	9	7	10	13
42	1	10	7	6	19
43	1	10	7	6	14
44	3	14	6	19	20
45	3	14	6	19	21
46	3	14	6	19	22
47	3	19	6	14	15
48	16	18	17	14	15
49	3	19	6	14	16
50	16	18	17	14	16
51	5	19	6	14	17
52	1	23	27	30	36
53	1	23	27	30	31
54	1	23	27	30	40
55	3	30	27	23	24
56	19	24	23	27	28
57	19	24	23	27	29
58	3	30	27	23	25
59	19	25	23	27	28
60	19	25	23	27	29
61	3	30	27	23	26
62	19	26	23	27	28
63	19	26	23	27	29
64	4	27	30	36	39
65	3	27	30	36	37
66	3	27	30	36	38
67	5	27	30	31	34
68	3	27	30	31	32
69	3	27	30	31	33
70	4	27	30	40	39
71	3	27	30	40	41
72	3	27	30	40	42
73	3	36	30	27	28
74	3	31	30	27	28
75	3	40	30	27	28
76	3	36	30	27	29
77	3	31	30	27	29
78	3	40	30	27	29
79	9	30	36	39	40
80	10	30	31	34	35
81	9	30	40	39	36
82	4	31	30	36	39
83	3	31	30	36	37
84	3	31	30	36	38
85	4	31	30	40	39
86	3	31	30	40	41
87	3	31	30	40	42
88	3	36	30	31	32
89	3	40	30	31	32
90	16	35	34	31	32
91	3	36	30	31	33
92	3	40	30	31	33
93	16	35	34	31	33
94	5	36	30	31	34
95	5	40	30	31	34
96	4	36	30	40	39
97	3	36	30	40	41
98	3	36	30	40	42
99	14	36	39	40	41
100	14	36	39	40	42
101	3	40	30	36	37
102	14	40	39	36	37
103	3	40	30	36	38
104	14	40	39	36	38
105	4	40	30	36	39

Impropers

1	7	6	3	4	2
2	7	6	3	5	2
3	15	4	3	5	2
4	5	6	3	4	5
5	1	3	6	19	7
6	1	3	6	19	14
7	1	3	6	7	14
8	1	19	6	7	14
9	2	6	7	10	8
10	2	6	7	10	9
11	5	6	7	8	9
12	5	10	7	8	9
13	5	7	10	11	12
14	5	7	10	11	13
15	5	7	10	12	13
16	13	11	10	12	13
17	9	6	14	17	15
18	9	6	14	17	16
19	5	6	14	15	16
20	15	15	14	16	17
21	5	6	19	20	21
22	5	6	19	20	22
23	5	6	19	21	22
24	13	20	19	21	22
25	5	27	23	24	25
26	5	27	23	24	26
27	5	27	23	25	26
28	13	24	23	25	26
29	2	23	27	30	28
30	2	23	27	30	29
31	5	23	27	28	29
32	5	30	27	28	29
33	1	27	30	36	31
34	1	27	30	36	40
35	1	27	30	31	40
36	1	36	30	31	40
37	9	30	31	34	32
38	9	30	31	34	33
39	5	30	31	32	33
40	15	32	31	33	34
41	8	30	36	39	37
42	8	30	36	39	38
43	5	30	36	37	38
44	14	37	36	38	39
45	6	30	40	41	39
46	6	30	40	42	39
47	14	41	40	42	39
48	5	30	40	41	42