delete edged atoms 
29 atoms
28 bonds
51 angles
54 dihedrals
32 impropers

Types

1	1
2	2
3	5
4	1
5	7
6	1
7	5
8	5
9	2
10	5
11	1
12	5
13	5
14	7
15	1
16	5
17	5
18	2
19	7
20	1
21	5
22	5
23	1
24	5
25	5
26	1
27	5
28	5
29	7

Charges

1	0.0270
2	0.0800
3	0.0530
4	0.0270
5	-0.2660
6	0.0270
7	0.0530
8	0.0530
9	0.0800
10	0.0530
11	0.0270
12	0.0530
13	0.0530
14	-0.2660
15	0.0270
16	0.0530
17	0.0530
18	-0.0530
19	-0.2660
20	0.0270
21	0.0530
22	0.0530
23	-0.1060
24	0.0530
25	0.0530
26	0.0270
27	0.0530
28	0.0530
29	-0.2660

Coords

1	15.6499069865	19.1107166273	6.0700722491
2	15.0502220223	18.2031274128	7.0690273413
3	15.8222141446	17.5369538243	7.4772051519
4	14.4116424644	19.0073192598	8.2941161199
5	13.8835982119	17.3573886474	6.5754516287
6	13.9585702546	16.0167571705	6.0831398124
7	12.8880941637	15.8053120545	6.0768049324
8	14.4869818797	15.3536479364	6.7674538764
9	14.5372231516	15.7312165877	4.6919773707
10	15.5926009290	15.7893636503	4.7905507965
11	13.9877649267	16.5086156645	3.4663789913
12	14.7180738890	17.3093348880	3.0987114441
13	14.1123695898	15.8057711113	2.6479218444
14	12.7368519833	17.0986277335	3.6435513749
15	11.8694529352	17.4524907767	2.5846412305
16	12.0001214304	18.5336086507	2.1439927333
17	11.9809299899	16.7544988053	1.6973200106
18	10.3684127873	17.3697115534	3.1895643095
19	14.2389880300	14.3423888090	4.5413419841
20	14.7007098809	13.3465009045	3.5950855474
21	14.5419703645	13.7554446941	2.5865704276
22	15.7534708670	13.2242039088	3.7375933927
23	13.9633412554	12.0333348463	3.8717920331
24	12.8658244654	12.1762893268	3.7282798650
25	14.1724733369	11.6691985647	4.9379359949
26	14.2364732039	10.8284173046	3.0039732105
27	13.6270835774	9.8729603777	3.2545003794
28	13.8946235674	11.1451358372	1.9699731784
29	15.5881878742	10.4746978402	2.8334686819

Bonds

1	2	1	2
2	9	2	5
3	8	2	3
4	2	4	2
5	6	6	5
6	2	6	9
7	4	6	7
8	4	6	8
9	9	9	19
10	8	9	10
11	2	11	9
12	6	11	14
13	4	11	12
14	4	11	13
15	6	15	14
16	2	15	18
17	4	15	16
18	4	15	17
19	6	20	19
20	1	20	23
21	4	20	21
22	4	20	22
23	1	23	26
24	4	23	24
25	4	23	25
26	6	26	29
27	4	26	27
28	4	26	28

Angles

1	7	1	2	5
2	6	1	2	3
3	5	1	2	4
4	13	6	5	2
5	25	3	2	5
6	6	4	2	3
7	7	4	2	5
8	16	9	6	5
9	23	7	6	5
10	23	8	6	5
11	7	6	9	19
12	6	6	9	10
13	5	6	9	11
14	15	9	6	7
15	21	7	6	8
16	15	9	6	8
17	13	20	19	9
18	16	9	11	14
19	15	9	11	12
20	15	9	11	13
21	25	10	9	19
22	6	11	9	10
23	7	11	9	19
24	12	11	14	15
25	23	12	11	14
26	21	12	11	13
27	23	13	11	14
28	16	18	15	14
29	23	16	15	14
30	23	17	15	14
31	15	18	15	16
32	21	16	15	17
33	15	18	15	17
34	4	23	20	19
35	23	21	20	19
36	23	22	20	19
37	1	20	23	26
38	3	20	23	24
39	3	20	23	25
40	3	23	20	21
41	21	21	20	22
42	3	23	20	22
43	4	23	26	29
44	3	23	26	27
45	3	23	26	28
46	3	26	23	24
47	21	24	23	25
48	3	26	23	25
49	23	27	26	29
50	21	27	26	28
51	23	28	26	29

Dihedrals

1	10	1	2	5	6
2	39	9	6	5	2
3	23	2	5	6	7
4	23	2	5	6	8
5	19	6	5	2	3
6	10	4	2	5	6
7	37	5	6	9	19
8	32	10	9	6	5
9	8	11	9	6	5
10	10	6	9	19	20
11	8	6	9	11	14
12	7	6	9	11	12
13	7	6	9	11	13
14	29	7	6	9	19
15	28	7	6	9	10
16	7	11	9	6	7
17	29	8	6	9	19
18	28	8	6	9	10
19	7	11	9	6	8
20	6	23	20	19	9
21	23	9	19	20	21
22	23	9	19	20	22
23	16	15	14	11	9
24	19	20	19	9	10
25	32	10	9	11	14
26	28	12	11	9	10
27	28	13	11	9	10
28	10	11	9	19	20
29	16	11	14	15	18
30	18	11	14	15	16
31	18	11	14	15	17
32	29	12	11	9	19
33	18	15	14	11	12
34	29	13	11	9	19
35	18	15	14	11	13
36	37	14	11	9	19
37	2	26	23	20	19
38	27	24	23	20	19
39	27	25	23	20	19
40	2	20	23	26	29
41	1	20	23	26	27
42	1	20	23	26	28
43	1	26	23	20	21
44	26	21	20	23	24
45	26	21	20	23	25
46	1	26	23	20	22
47	26	22	20	23	24
48	26	22	20	23	25
49	27	24	23	26	29
50	26	24	23	26	27
51	26	24	23	26	28
52	27	25	23	26	29
53	26	25	23	26	27
54	26	25	23	26	28

Impropers

1	21	1	2	5	3
2	20	4	2	1	5
3	19	4	2	1	3
4	21	4	2	5	3
5	8	9	6	7	5
6	8	9	6	8	5
7	16	7	6	8	5
8	7	9	6	7	8
9	21	6	9	19	10
10	20	11	9	6	19
11	19	11	9	6	10
12	21	11	9	19	10
13	9	9	11	14	12
14	9	9	11	14	13
15	7	9	11	12	13
16	16	12	11	13	14
17	8	18	15	16	14
18	8	18	15	17	14
19	16	16	15	17	14
20	7	18	15	16	17
21	5	23	20	21	19
22	5	23	20	22	19
23	16	21	20	22	19
24	4	23	20	21	22
25	1	20	23	26	24
26	1	20	23	26	25
27	4	20	23	24	25
28	4	26	23	24	25
29	6	23	26	29	27
30	6	23	26	29	28
31	4	23	26	27	28
32	16	27	26	28	29