delete edged atoms 
30 atoms
29 bonds
52 angles
54 dihedrals
32 impropers

Types

1	1
2	2
3	5
4	1
5	7
6	1
7	5
8	5
9	1
10	5
11	5
12	1
13	5
14	5
15	7
16	1
17	5
18	5
19	2
20	1
21	7
22	1
23	5
24	5
25	3
26	5
27	6
28	1
29	5
30	5

Charges

1	0.0270
2	0.0800
3	0.0530
4	0.0270
5	-0.2660
6	0.0270
7	0.0530
8	0.0530
9	-0.1060
10	0.0530
11	0.0530
12	0.0270
13	0.0530
14	0.0530
15	-0.2660
16	0.0270
17	0.0530
18	0.0530
19	-0.0530
20	0.0270
21	-0.2660
22	0.0270
23	0.0530
24	0.0530
25	0.0800
26	0.0530
27	-0.2660
28	0.0270
29	0.0530
30	0.0530

Coords

1	10.6502652496	10.4207341938	17.0606293951
2	10.4979141902	9.0885389839	17.8493354640
3	11.3846913025	8.4933982685	17.4185767236
4	10.6419934968	9.0972397657	19.4368285671
5	9.2408415928	8.4836334095	17.5526213987
6	9.2396152010	7.1050157611	17.9312729255
7	10.2095816316	6.6400578845	17.6258418049
8	9.1862812613	6.7704728788	19.0288316636
9	8.1067538108	6.3514356944	17.1964059493
10	7.2610077566	7.0398110297	16.9904289262
11	8.5739648359	6.0346837535	16.1360264865
12	7.6691740822	5.0787383841	17.8091031669
13	8.5421150680	4.4680506762	17.9889380400
14	7.1591229420	4.3802918723	17.0869113948
15	7.1554048984	5.1633996483	19.1137223405
16	5.9101818655	5.8577474113	19.3844824945
17	5.7911414821	5.9047100139	20.5174154769
18	6.0856154347	6.8666527012	19.0192180784
19	4.7160711965	5.2078635899	18.6054810192
20	20.8354539857	14.4798108682	12.4071295003
21	21.5166112953	14.6600704957	13.6206349713
22	21.4105408963	13.5456085902	14.5399509552
23	21.6142688984	12.6530981713	13.9198154471
24	22.2130254469	13.7400985458	15.3008902155
25	20.0524733050	13.4578338661	15.3486121332
26	19.1348681190	13.2131958270	14.8212237447
27	19.7985928205	14.5745198117	16.2550598436
28	20.1784074308	13.3491325117	16.8416873353
29	21.1734489997	13.2883549111	17.3292786644
30	19.3845771754	12.8999226357	17.3506812642

Bonds

1	2	1	2
2	9	2	5
3	8	2	3
4	2	4	2
5	6	6	5
6	1	6	9
7	4	6	7
8	4	6	8
9	1	9	12
10	4	9	10
11	4	9	11
12	6	12	15
13	4	12	13
14	4	12	14
15	6	16	15
16	2	16	19
17	4	16	17
18	4	16	18
19	6	20	21
20	6	22	21
21	3	22	25
22	4	22	23
23	4	22	24
24	11	25	27
25	10	25	26
26	3	28	25
27	5	28	27
28	4	28	29
29	4	28	30

Angles

1	7	1	2	5
2	6	1	2	3
3	5	1	2	4
4	13	6	5	2
5	25	3	2	5
6	6	4	2	3
7	7	4	2	5
8	4	9	6	5
9	23	7	6	5
10	23	8	6	5
11	1	6	9	12
12	3	6	9	10
13	3	6	9	11
14	3	9	6	7
15	21	7	6	8
16	3	9	6	8
17	4	9	12	15
18	3	9	12	13
19	3	9	12	14
20	3	12	9	10
21	21	10	9	11
22	3	12	9	11
23	12	12	15	16
24	23	13	12	15
25	21	13	12	14
26	23	14	12	15
27	16	19	16	15
28	23	17	16	15
29	23	18	16	15
30	15	19	16	17
31	21	17	16	18
32	15	19	16	18
33	12	20	21	22
34	20	25	22	21
35	23	23	22	21
36	23	24	22	21
37	10	22	25	27
38	9	22	25	26
39	8	22	25	28
40	18	25	22	23
41	21	23	22	24
42	18	25	22	24
43	11	28	27	25
44	19	25	28	27
45	18	25	28	29
46	18	25	28	30
47	26	26	25	27
48	9	28	25	26
49	10	28	25	27
50	22	29	28	27
51	22	30	28	27
52	21	29	28	30

Dihedrals

1	10	1	2	5	6
2	6	9	6	5	2
3	23	2	5	6	7
4	23	2	5	6	8
5	19	6	5	2	3
6	10	4	2	5	6
7	2	12	9	6	5
8	27	10	9	6	5
9	27	11	9	6	5
10	2	6	9	12	15
11	1	6	9	12	13
12	1	6	9	12	14
13	1	12	9	6	7
14	26	7	6	9	10
15	26	7	6	9	11
16	1	12	9	6	8
17	26	8	6	9	10
18	26	8	6	9	11
19	5	9	12	15	16
20	27	10	9	12	15
21	26	10	9	12	13
22	26	10	9	12	14
23	27	11	9	12	15
24	26	11	9	12	13
25	26	11	9	12	14
26	16	12	15	16	19
27	18	12	15	16	17
28	18	12	15	16	18
29	18	16	15	12	13
30	18	16	15	12	14
31	17	20	21	22	25
32	18	20	21	22	23
33	18	20	21	22	24
34	36	27	25	22	21
35	35	26	25	22	21
36	13	28	25	22	21
37	14	22	25	27	28
38	12	22	25	28	27
39	11	22	25	28	29
40	11	22	25	28	30
41	31	23	22	25	27
42	30	23	22	25	26
43	11	28	25	22	23
44	31	24	22	25	27
45	30	24	22	25	26
46	11	28	25	22	24
47	24	25	27	28	29
48	24	25	27	28	30
49	15	28	27	25	26
50	34	26	25	28	27
51	30	29	28	25	26
52	30	30	28	25	26
53	31	29	28	25	27
54	31	30	28	25	27

Impropers

1	21	1	2	5	3
2	20	4	2	1	5
3	19	4	2	1	3
4	21	4	2	5	3
5	5	9	6	7	5
6	5	9	6	8	5
7	16	7	6	8	5
8	4	9	6	7	8
9	1	6	9	12	10
10	1	6	9	12	11
11	4	6	9	10	11
12	4	12	9	10	11
13	6	9	12	15	13
14	6	9	12	15	14
15	4	9	12	13	14
16	16	13	12	14	15
17	8	19	16	17	15
18	8	19	16	18	15
19	16	17	16	18	15
20	7	19	16	17	18
21	13	25	22	23	21
22	13	25	22	24	21
23	16	23	22	24	21
24	11	25	22	23	24
25	25	22	25	27	26
26	23	28	25	22	27
27	22	28	25	22	26
28	25	28	25	27	26
29	12	25	28	29	27
30	12	25	28	30	27
31	15	29	28	30	27
32	11	25	28	29	30