Mody lammps parameter 2023-02-26 21:47:11.973365
128 atoms
133 bonds
264 angles
381 dihedrals
168 impropers

Types

1 2
2 5
3 1
4 5
5 5
6 7
7 1
8 5
9 5
10 2
11 5
12 1
13 5
14 5
15 8
16 4
17 7
18 1
19 5
20 5
21 1
22 5
23 5
24 1
25 5
26 5
27 7
28 1
29 5
30 5
31 2
32 5
33 1
34 5
35 5
36 1
37 5
38 5
39 2
40 5
41 1
42 5
43 5
44 7
45 1
46 5
47 5
48 3
49 5
50 6
51 1
52 5
53 5
54 1
55 5
56 5
57 1
58 5
59 5
60 1
61 5
62 5
63 1
64 5
65 5
66 2
67 5
68 1
69 5
70 5
71 7
72 1
73 5
74 5
75 3
76 5
77 6
78 1
79 5
80 5
81 1
82 5
83 5
84 1
85 5
86 5
87 2
88 5
89 1
90 5
91 5
92 7
93 1
94 5
95 5
96 3
97 5
98 1
99 5
100 5
101 6
102 1
103 5
104 5
105 1
106 5
107 5
108 2
109 5
110 1
111 5
112 5
113 7
114 1
115 5
116 5
117 3
118 5
119 6
120 1
121 5
122 5
123 1
124 5
125 5
126 1
127 5
128 5

Charges

1 -0.0530
2 0.0530
3 0.0270
4 0.0530
5 0.0530
6 -0.2660
7 0.0270
8 0.0530
9 0.0530
10 0.0800
11 0.0530
12 0.0270
13 0.0530
14 0.0530
15 -0.5571
16 0.4241
17 -0.2660
18 0.0270
19 0.0530
20 0.0530
21 -0.1060
22 0.0530
23 0.0530
24 0.0270
25 0.0530
26 0.0530
27 -0.2660
28 0.0270
29 0.0530
30 0.0530
31 -0.0530
32 0.0530
33 -0.1060
34 0.0530
35 0.0530
36 -0.1060
37 0.0530
38 0.0530
39 -0.0530
40 0.0530
41 0.0270
42 0.0530
43 0.0530
44 -0.2660
45 0.0270
46 0.0530
47 0.0530
48 0.0800
49 0.0530
50 -0.2660
51 0.0270
52 0.0530
53 0.0530
54 -0.1060
55 0.0530
56 0.0530
57 -0.1060
58 0.0530
59 0.0530
60 -0.1060
61 0.0530
62 0.0530
63 -0.1060
64 0.0530
65 0.0530
66 -0.0530
67 0.0530
68 0.0270
69 0.0530
70 0.0530
71 -0.2660
72 0.0270
73 0.0530
74 0.0530
75 0.0800
76 0.0530
77 -0.2660
78 0.0270
79 0.0530
80 0.0530
81 -0.1060
82 0.0530
83 0.0530
84 -0.1060
85 0.0530
86 0.0530
87 -0.0530
88 0.0530
89 0.0270
90 0.0530
91 0.0530
92 -0.2660
93 0.0270
94 0.0530
95 0.0530
96 0.0800
97 0.0530
98 0.0270
99 0.0530
100 0.0530
101 -0.2660
102 -0.1060
103 0.0530
104 0.0530
105 -0.1060
106 0.0530
107 0.0530
108 -0.0530
109 0.0530
110 0.0270
111 0.0530
112 0.0530
113 -0.2660
114 0.0270
115 0.0530
116 0.0530
117 0.0800
118 0.0530
119 -0.2660
120 0.0270
121 0.0530
122 0.0530
123 -0.1060
124 0.0530
125 0.0530
126 -0.1060
127 0.0530
128 0.0530

Coords

1 13.9416629005 9.8049260917 17.0833067469
2 13.5210859535 8.8619809890 16.8268144357
3 12.9471276286 10.9187750051 16.5288510672
4 13.6136218740 11.8703587506 16.4592232093
5 12.5779018077 10.7601533243 15.5560861259
6 11.8152414005 11.1604729079 17.3539828577
7 10.6502652496 10.4207341938 17.0606293951
8 10.5536675415 10.2504178989 15.9706343601
9 9.7174384631 11.0739651123 17.1255807620
10 10.4979141902 9.0885389839 17.8493354640
11 11.3846913025 8.4933982685 17.4185767236
12 10.6419934968 9.0972397657 19.4368285671
13 10.4351578926 8.1144025778 19.7861872550
14 11.6808063591 9.1458438807 19.7157951583
15 9.9563274816 10.1003363486 20.1676827041
16 10.3360964807 10.1065628354 21.0611919254
17 9.2408415928 8.4836334095 17.5526213987
18 9.2396152010 7.1050157611 17.9312729255
19 10.2095816316 6.6400578845 17.6258418049
20 9.1862812613 6.7704728788 19.0288316636
21 8.1067538108 6.3514356944 17.1964059493
22 7.2610077566 7.0398110297 16.9904289262
23 8.5739648359 6.0346837535 16.1360264865
24 7.6691740822 5.0787383841 17.8091031669
25 8.5421150680 4.4680506762 17.9889380400
26 7.1591229420 4.3802918723 17.0869113948
27 7.1554048984 5.1633996483 19.1137223405
28 5.9101818655 5.8577474113 19.3844824945
29 5.7911414821 5.9047100139 20.5174154769
30 6.0856154347 6.8666527012 19.0192180784
31 4.7160711965 5.2078635899 18.6054810192
32 3.7977425367 5.4937285562 19.0685302728
33 4.6388874350 3.6681100918 18.6318443436
34 5.5570110500 3.2472074749 18.3233783559
35 4.4746574062 3.2141283261 19.6202054999
36 3.4646470311 3.0314938764 17.9060184285
37 2.6355487060 2.8600010711 18.6433130953
38 3.8443547008 1.9835281373 17.5720134332
39 2.9620553559 3.8227747100 16.7196536473
40 2.2006681408 4.5126329905 17.1794558840
41 2.3485606012 2.8087509892 15.6410178690
42 3.1628100651 2.2187682624 15.2222802951
43 1.9112333599 3.1931221633 14.7276548657
44 1.3388986490 1.8814492711 16.1237162867
45 0.0331689304 2.4436805495 16.4249553785
46 -0.5299617173 1.7715887610 17.2044119736
47 0.2300713684 3.3941828237 16.9786417560
48 -0.8209622608 2.6921683569 15.1178146106
49 -0.7478267097 1.8567622193 14.4669494070
50 -0.6871698537 3.9585086510 14.3507576147
51 -1.9393405400 3.6490971881 14.9501660515
52 -2.7085193386 3.4358583152 14.2574025212
53 -2.1804587842 4.4872147152 15.7415175964
54 4.0442522329 4.8460730324 16.1397792916
55 4.9381237993 4.3325740345 15.7253111985
56 3.4508030685 5.3993429133 15.3948109214
57 4.4677730397 5.8976122310 17.2167379269
58 3.6900576656 6.6699047519 17.3347167828
59 5.3270467439 6.4750969513 16.7653545910
60 15.3919295756 9.7976651803 16.4614759256
61 15.2187987279 9.5369242422 15.4546266007
62 15.8248232462 8.8911673821 16.9286792760
63 16.3315062608 11.0258060277 16.7386042660
64 17.4055195014 10.8031210401 16.7027674755
65 16.1935431696 11.7721716387 15.9215772663
66 15.9914838373 11.6969853609 18.1474243195
67 15.2676153170 12.4778415247 17.8666157209
68 17.1188810709 12.5400761802 18.8342435163
69 17.3917045307 13.2746605324 18.0474510919
70 16.6758435004 13.0330959229 19.6756790506
71 18.2778600042 11.7956851289 19.1265966652
72 18.4427780348 10.8250479202 20.1515902707
73 17.4666759228 10.4087127298 20.4424016323
74 19.0914796544 11.2627529680 20.9868253773
75 19.2554683198 9.6427979632 19.6330044512
76 20.3261045747 9.9243737349 19.4119898324
77 18.7821697437 8.7288900173 18.6498780670
78 19.0324424682 8.2257265172 19.9692696154
79 19.7496845953 7.3840545930 20.0781024251
80 18.1345539074 7.9697607652 20.6107742316
81 15.3654345361 10.6496724013 19.0735960635
82 16.2284087377 9.9226027177 19.2217660696
83 15.1676424368 11.1221738881 20.0277958484
84 14.1541575383 9.8537415068 18.5802051928
85 13.3067187306 10.3015786759 19.0909191517
86 14.3295382798 8.8231694888 18.9688494717
87 20.6204060021 18.1045470056 9.8402777346
88 20.5650905214 17.3624151096 9.0931496578
89 20.7815694064 19.3551175179 8.9673719972
90 20.9750315847 20.2338851845 9.5611993068
91 21.5285398123 19.2488232531 8.1273877429
92 19.5981042855 19.7688650425 8.3512334639
93 19.2952169132 18.8603269898 7.2827615680
94 18.9081730212 17.8824671580 7.5997119676
95 20.2407667362 18.6979709005 6.6615420626
96 18.0638923455 19.3118360499 6.3799560990
97 17.3716884442 18.4435640705 6.1914822845
98 18.0403900594 20.5177839813 5.5174466877
99 17.2854384807 20.4841534031 4.6927937516
100 18.8311513566 21.2730808583 5.3064921664
101 17.3699758270 20.4493302630 6.7953741842
102 19.5449892480 17.8788451287 10.9005011333
103 19.7460968607 18.5240532798 11.7902921512
104 18.5069954807 18.1902673096 10.5159615620
105 19.5461923734 16.4170330054 11.3715212440
106 18.8581352921 15.7693841465 10.7319081582
107 19.0875545281 16.4583704194 12.3490083227
108 20.9001104436 15.6904070900 11.4187874589
109 20.9458411609 15.1286568291 10.4293437783
110 20.8354539857 14.4798108682 12.4071295003
111 19.8112524144 14.2866281844 12.6124965735
112 21.2040559332 13.5836339887 11.8505937416
113 21.5166112953 14.6600704957 13.6206349713
114 21.4105408963 13.5456085902 14.5399509552
115 21.6142688984 12.6530981713 13.9198154471
116 22.2130254469 13.7400985458 15.3008902155
117 20.0524733050 13.4578338661 15.3486121332
118 19.1348681190 13.2131958270 14.8212237447
119 19.7985928205 14.5745198117 16.2550598436
120 20.1784074308 13.3491325117 16.8416873353
121 21.1734489997 13.2883549111 17.3292786644
122 19.3845771754 12.8999226357 17.3506812642
123 22.1059327342 16.7164728423 11.5652048733
124 21.9974266471 17.1407962094 12.5909090967
125 23.1699934364 16.2812444324 11.5022715185
126 22.0844734701 17.8060053115 10.5467449237
127 22.6510698814 18.6500650360 11.0116974977
128 22.7020472613 17.5720913446 9.6288970213

Bonds

1 2 84 1
2 2 60 1
3 8 1 2
4 2 3 1
5 6 3 6
6 4 3 4
7 4 3 5
8 6 7 6
9 2 7 10
10 4 7 8
11 4 7 9
12 9 10 17
13 8 10 11
14 2 12 10
15 7 12 15
16 4 12 13
17 4 12 14
18 12 16 15
19 6 18 17
20 1 18 21
21 4 18 19
22 4 18 20
23 1 21 24
24 4 21 22
25 4 21 23
26 6 24 27
27 4 24 25
28 4 24 26
29 6 28 27
30 2 28 31
31 4 28 29
32 4 28 30
33 2 33 31
34 8 31 32
35 2 57 31
36 1 33 36
37 4 33 34
38 4 33 35
39 2 36 39
40 4 36 37
41 4 36 38
42 2 54 39
43 8 39 40
44 2 41 39
45 6 41 44
46 4 41 42
47 4 41 43
48 6 45 44
49 3 45 48
50 4 45 46
51 4 45 47
52 11 48 50
53 10 48 49
54 3 51 48
55 5 51 50
56 4 51 52
57 4 51 53
58 1 54 57
59 4 54 55
60 4 54 56
61 4 57 58
62 4 57 59
63 1 60 63
64 4 60 61
65 4 60 62
66 2 63 66
67 4 63 64
68 4 63 65
69 2 81 66
70 8 66 67
71 2 68 66
72 6 68 71
73 4 68 69
74 4 68 70
75 6 72 71
76 3 72 75
77 4 72 73
78 4 72 74
79 11 75 77
80 10 75 76
81 3 78 75
82 5 78 77
83 4 78 79
84 4 78 80
85 1 81 84
86 4 81 82
87 4 81 83
88 4 84 85
89 4 84 86
90 2 102 87
91 8 87 88
92 2 89 87
93 2 126 87
94 6 89 92
95 4 89 90
96 4 89 91
97 6 93 92
98 3 93 96
99 4 93 94
100 4 93 95
101 3 98 96
102 10 96 97
103 11 96 101
104 5 98 101
105 4 98 99
106 4 98 100
107 1 102 105
108 4 102 103
109 4 102 104
110 2 105 108
111 4 105 106
112 4 105 107
113 2 123 108
114 8 108 109
115 2 110 108
116 6 110 113
117 4 110 111
118 4 110 112
119 6 114 113
120 3 114 117
121 4 114 115
122 4 114 116
123 11 117 119
124 10 117 118
125 3 120 117
126 5 120 119
127 4 120 121
128 4 120 122
129 1 123 126
130 4 123 124
131 4 123 125
132 4 126 127
133 4 126 128

Angles

1 2 81 84 1
2 15 1 84 85
3 15 1 84 86
4 2 63 60 1
5 15 1 60 61
6 15 1 60 62
7 16 1 3 6
8 15 1 3 4
9 15 1 3 5
10 6 84 1 2
11 6 60 1 2
12 6 3 1 2
13 5 3 1 84
14 5 3 1 60
15 12 3 6 7
16 23 4 3 6
17 21 4 3 5
18 23 5 3 6
19 16 10 7 6
20 23 8 7 6
21 23 9 7 6
22 7 7 10 17
23 6 7 10 11
24 5 7 10 12
25 15 10 7 8
26 21 8 7 9
27 15 10 7 9
28 13 18 17 10
29 17 10 12 15
30 15 10 12 13
31 15 10 12 14
32 25 11 10 17
33 6 12 10 11
34 7 12 10 17
35 14 12 15 16
36 24 13 12 15
37 21 13 12 14
38 24 14 12 15
39 4 21 18 17
40 23 19 18 17
41 23 20 18 17
42 1 18 21 24
43 3 18 21 22
44 3 18 21 23
45 3 21 18 19
46 21 19 18 20
47 3 21 18 20
48 4 21 24 27
49 3 21 24 25
50 3 21 24 26
51 3 24 21 22
52 21 22 21 23
53 3 24 21 23
54 12 24 27 28
55 23 25 24 27
56 21 25 24 26
57 23 26 24 27
58 16 31 28 27
59 23 29 28 27
60 23 30 28 27
61 5 28 31 33
62 6 28 31 32
63 5 28 31 57
64 15 31 28 29
65 21 29 28 30
66 15 31 28 30
67 2 36 33 31
68 15 31 33 34
69 15 31 33 35
70 2 54 57 31
71 15 31 57 58
72 15 31 57 59
73 6 33 31 32
74 6 57 31 32
75 5 33 31 57
76 2 33 36 39
77 3 33 36 37
78 3 33 36 38
79 3 36 33 34
80 21 34 33 35
81 3 36 33 35
82 5 36 39 54
83 6 36 39 40
84 5 36 39 41
85 15 39 36 37
86 21 37 36 38
87 15 39 36 38
88 2 57 54 39
89 15 39 54 55
90 15 39 54 56
91 16 39 41 44
92 15 39 41 42
93 15 39 41 43
94 6 54 39 40
95 6 41 39 40
96 5 41 39 54
97 12 41 44 45
98 23 42 41 44
99 21 42 41 43
100 23 43 41 44
101 20 48 45 44
102 23 46 45 44
103 23 47 45 44
104 10 45 48 50
105 9 45 48 49
106 8 45 48 51
107 18 48 45 46
108 21 46 45 47
109 18 48 45 47
110 11 51 50 48
111 19 48 51 50
112 18 48 51 52
113 18 48 51 53
114 26 49 48 50
115 9 51 48 49
116 10 51 48 50
117 22 52 51 50
118 22 53 51 50
119 21 52 51 53
120 3 54 57 58
121 3 54 57 59
122 3 57 54 55
123 21 55 54 56
124 3 57 54 56
125 21 58 57 59
126 5 60 1 84
127 2 60 63 66
128 3 60 63 64
129 3 60 63 65
130 3 63 60 61
131 21 61 60 62
132 3 63 60 62
133 5 63 66 81
134 6 63 66 67
135 5 63 66 68
136 15 66 63 64
137 21 64 63 65
138 15 66 63 65
139 2 84 81 66
140 15 66 81 82
141 15 66 81 83
142 16 66 68 71
143 15 66 68 69
144 15 66 68 70
145 6 81 66 67
146 6 68 66 67
147 5 68 66 81
148 12 68 71 72
149 23 69 68 71
150 21 69 68 70
151 23 70 68 71
152 20 75 72 71
153 23 73 72 71
154 23 74 72 71
155 10 72 75 77
156 9 72 75 76
157 8 72 75 78
158 18 75 72 73
159 21 73 72 74
160 18 75 72 74
161 11 78 77 75
162 19 75 78 77
163 18 75 78 79
164 18 75 78 80
165 26 76 75 77
166 9 78 75 76
167 10 78 75 77
168 22 79 78 77
169 22 80 78 77
170 21 79 78 80
171 3 81 84 85
172 3 81 84 86
173 3 84 81 82
174 21 82 81 83
175 3 84 81 83
176 21 85 84 86
177 2 105 102 87
178 15 87 102 103
179 15 87 102 104
180 16 87 89 92
181 15 87 89 90
182 15 87 89 91
183 2 123 126 87
184 15 87 126 127
185 15 87 126 128
186 6 102 87 88
187 6 89 87 88
188 6 126 87 88
189 5 89 87 102
190 5 89 87 126
191 12 89 92 93
192 23 90 89 92
193 21 90 89 91
194 23 91 89 92
195 20 96 93 92
196 23 94 93 92
197 23 95 93 92
198 8 93 96 98
199 9 93 96 97
200 10 93 96 101
201 18 96 93 94
202 21 94 93 95
203 18 96 93 95
204 19 96 98 101
205 18 96 98 99
206 18 96 98 100
207 11 98 101 96
208 9 98 96 97
209 26 97 96 101
210 10 98 96 101
211 22 99 98 101
212 21 99 98 100
213 22 100 98 101
214 5 102 87 126
215 2 102 105 108
216 3 102 105 106
217 3 102 105 107
218 3 105 102 103
219 21 103 102 104
220 3 105 102 104
221 5 105 108 123
222 6 105 108 109
223 5 105 108 110
224 15 108 105 106
225 21 106 105 107
226 15 108 105 107
227 2 126 123 108
228 15 108 123 124
229 15 108 123 125
230 16 108 110 113
231 15 108 110 111
232 15 108 110 112
233 6 123 108 109
234 6 110 108 109
235 5 110 108 123
236 12 110 113 114
237 23 111 110 113
238 21 111 110 112
239 23 112 110 113
240 20 117 114 113
241 23 115 114 113
242 23 116 114 113
243 10 114 117 119
244 9 114 117 118
245 8 114 117 120
246 18 117 114 115
247 21 115 114 116
248 18 117 114 116
249 11 120 119 117
250 19 117 120 119
251 18 117 120 121
252 18 117 120 122
253 26 118 117 119
254 9 120 117 118
255 10 120 117 119
256 22 121 120 119
257 22 122 120 119
258 21 121 120 122
259 3 123 126 127
260 3 123 126 128
261 3 126 123 124
262 21 124 123 125
263 3 126 123 125
264 21 127 126 128

Dihedrals

1 20 1 84 81 66
2 21 1 84 81 82
3 21 1 84 81 83
4 20 1 60 63 66
5 21 1 60 63 64
6 21 1 60 63 65
7 16 7 6 3 1
8 4 81 84 1 2
9 28 85 84 1 2
10 28 86 84 1 2
11 4 63 60 1 2
12 28 61 60 1 2
13 28 62 60 1 2
14 32 2 1 3 6
15 28 4 3 1 2
16 28 5 3 1 2
17 3 81 84 1 3
18 7 3 1 84 85
19 7 3 1 84 86
20 3 63 60 1 3
21 7 3 1 60 61
22 7 3 1 60 62
23 16 3 6 7 10
24 18 3 6 7 8
25 18 3 6 7 9
26 7 84 1 3 4
27 7 60 1 3 4
28 18 7 6 3 4
29 7 84 1 3 5
30 7 60 1 3 5
31 18 7 6 3 5
32 8 84 1 3 6
33 8 60 1 3 6
34 37 6 7 10 17
35 32 11 10 7 6
36 8 12 10 7 6
37 10 7 10 17 18
38 9 7 10 12 15
39 7 7 10 12 13
40 7 7 10 12 14
41 29 8 7 10 17
42 28 8 7 10 11
43 7 12 10 7 8
44 29 9 7 10 17
45 28 9 7 10 11
46 7 12 10 7 9
47 6 21 18 17 10
48 23 10 17 18 19
49 23 10 17 18 20
50 22 10 12 15 16
51 19 18 17 10 11
52 33 11 10 12 15
53 28 13 12 10 11
54 28 14 12 10 11
55 10 12 10 17 18
56 29 13 12 10 17
57 25 16 15 12 13
58 29 14 12 10 17
59 25 16 15 12 14
60 38 17 10 12 15
61 2 24 21 18 17
62 27 22 21 18 17
63 27 23 21 18 17
64 2 18 21 24 27
65 1 18 21 24 25
66 1 18 21 24 26
67 1 24 21 18 19
68 26 19 18 21 22
69 26 19 18 21 23
70 1 24 21 18 20
71 26 20 18 21 22
72 26 20 18 21 23
73 5 21 24 27 28
74 27 22 21 24 27
75 26 22 21 24 25
76 26 22 21 24 26
77 27 23 21 24 27
78 26 23 21 24 25
79 26 23 21 24 26
80 16 24 27 28 31
81 18 24 27 28 29
82 18 24 27 28 30
83 18 28 27 24 25
84 18 28 27 24 26
85 8 33 31 28 27
86 32 32 31 28 27
87 8 57 31 28 27
88 3 36 33 31 28
89 7 28 31 33 34
90 7 28 31 33 35
91 3 54 57 31 28
92 7 28 31 57 58
93 7 28 31 57 59
94 7 33 31 28 29
95 28 29 28 31 32
96 7 57 31 28 29
97 7 33 31 28 30
98 28 30 28 31 32
99 7 57 31 28 30
100 20 31 33 36 39
101 21 31 33 36 37
102 21 31 33 36 38
103 20 31 57 54 39
104 21 31 57 54 55
105 21 31 57 54 56
106 4 36 33 31 32
107 28 34 33 31 32
108 28 35 33 31 32
109 4 54 57 31 32
110 28 58 57 31 32
111 28 59 57 31 32
112 3 54 57 31 33
113 7 33 31 57 58
114 7 33 31 57 59
115 3 33 36 39 54
116 4 33 36 39 40
117 3 33 36 39 41
118 7 57 31 33 34
119 21 39 36 33 34
120 26 34 33 36 37
121 26 34 33 36 38
122 7 57 31 33 35
123 21 39 36 33 35
124 26 35 33 36 37
125 26 35 33 36 38
126 3 36 33 31 57
127 3 57 54 39 36
128 7 36 39 54 55
129 7 36 39 54 56
130 8 36 39 41 44
131 7 36 39 41 42
132 7 36 39 41 43
133 7 54 39 36 37
134 28 37 36 39 40
135 7 41 39 36 37
136 7 54 39 36 38
137 28 38 36 39 40
138 7 41 39 36 38
139 21 39 54 57 58
140 21 39 54 57 59
141 16 45 44 41 39
142 4 57 54 39 40
143 28 55 54 39 40
144 28 56 54 39 40
145 32 40 39 41 44
146 28 42 41 39 40
147 28 43 41 39 40
148 3 57 54 39 41
149 7 41 39 54 55
150 7 41 39 54 56
151 17 41 44 45 48
152 18 41 44 45 46
153 18 41 44 45 47
154 7 54 39 41 42
155 18 45 44 41 42
156 7 54 39 41 43
157 18 45 44 41 43
158 8 54 39 41 44
159 36 50 48 45 44
160 35 49 48 45 44
161 13 51 48 45 44
162 14 45 48 50 51
163 12 45 48 51 50
164 11 45 48 51 52
165 11 45 48 51 53
166 31 46 45 48 50
167 30 46 45 48 49
168 11 51 48 45 46
169 31 47 45 48 50
170 30 47 45 48 49
171 11 51 48 45 47
172 24 48 50 51 52
173 24 48 50 51 53
174 15 51 50 48 49
175 34 49 48 51 50
176 30 52 51 48 49
177 30 53 51 48 49
178 31 52 51 48 50
179 31 53 51 48 50
180 26 55 54 57 58
181 26 55 54 57 59
182 26 56 54 57 58
183 26 56 54 57 59
184 3 81 84 1 60
185 7 60 1 84 85
186 7 60 1 84 86
187 3 60 63 66 81
188 4 60 63 66 67
189 3 60 63 66 68
190 7 84 1 60 61
191 21 66 63 60 61
192 26 61 60 63 64
193 26 61 60 63 65
194 7 84 1 60 62
195 21 66 63 60 62
196 26 62 60 63 64
197 26 62 60 63 65
198 3 63 60 1 84
199 3 84 81 66 63
200 7 63 66 81 82
201 7 63 66 81 83
202 8 63 66 68 71
203 7 63 66 68 69
204 7 63 66 68 70
205 7 81 66 63 64
206 28 64 63 66 67
207 7 68 66 63 64
208 7 81 66 63 65
209 28 65 63 66 67
210 7 68 66 63 65
211 21 66 81 84 85
212 21 66 81 84 86
213 16 72 71 68 66
214 4 84 81 66 67
215 28 82 81 66 67
216 28 83 81 66 67
217 32 67 66 68 71
218 28 69 68 66 67
219 28 70 68 66 67
220 3 84 81 66 68
221 7 68 66 81 82
222 7 68 66 81 83
223 17 68 71 72 75
224 18 68 71 72 73
225 18 68 71 72 74
226 7 81 66 68 69
227 18 72 71 68 69
228 7 81 66 68 70
229 18 72 71 68 70
230 8 81 66 68 71
231 36 77 75 72 71
232 35 76 75 72 71
233 13 78 75 72 71
234 14 72 75 77 78
235 12 72 75 78 77
236 11 72 75 78 79
237 11 72 75 78 80
238 31 73 72 75 77
239 30 73 72 75 76
240 11 78 75 72 73
241 31 74 72 75 77
242 30 74 72 75 76
243 11 78 75 72 74
244 24 75 77 78 79
245 24 75 77 78 80
246 15 78 77 75 76
247 34 76 75 78 77
248 30 79 78 75 76
249 30 80 78 75 76
250 31 79 78 75 77
251 31 80 78 75 77
252 26 82 81 84 85
253 26 82 81 84 86
254 26 83 81 84 85
255 26 83 81 84 86
256 20 87 102 105 108
257 21 87 102 105 106
258 21 87 102 105 107
259 16 93 92 89 87
260 20 87 126 123 108
261 21 87 126 123 124
262 21 87 126 123 125
263 4 105 102 87 88
264 28 103 102 87 88
265 28 104 102 87 88
266 32 88 87 89 92
267 28 90 89 87 88
268 28 91 89 87 88
269 4 123 126 87 88
270 28 127 126 87 88
271 28 128 126 87 88
272 3 105 102 87 89
273 7 89 87 102 103
274 7 89 87 102 104
275 3 123 126 87 89
276 7 89 87 126 127
277 7 89 87 126 128
278 17 89 92 93 96
279 18 89 92 93 94
280 18 89 92 93 95
281 7 102 87 89 90
282 7 126 87 89 90
283 18 93 92 89 90
284 7 102 87 89 91
285 7 126 87 89 91
286 18 93 92 89 91
287 8 102 87 89 92
288 8 126 87 89 92
289 13 98 96 93 92
290 35 97 96 93 92
291 36 101 96 93 92
292 12 93 96 98 101
293 11 93 96 98 99
294 11 93 96 98 100
295 14 93 96 101 98
296 11 98 96 93 94
297 30 94 93 96 97
298 31 94 93 96 101
299 11 98 96 93 95
300 30 95 93 96 97
301 31 95 93 96 101
302 24 96 101 98 99
303 24 96 101 98 100
304 34 97 96 98 101
305 30 99 98 96 97
306 30 100 98 96 97
307 15 98 101 96 97
308 31 99 98 96 101
309 31 100 98 96 101
310 3 123 126 87 102
311 7 102 87 126 127
312 7 102 87 126 128
313 3 102 105 108 123
314 4 102 105 108 109
315 3 102 105 108 110
316 7 126 87 102 103
317 21 108 105 102 103
318 26 103 102 105 106
319 26 103 102 105 107
320 7 126 87 102 104
321 21 108 105 102 104
322 26 104 102 105 106
323 26 104 102 105 107
324 3 105 102 87 126
325 3 126 123 108 105
326 7 105 108 123 124
327 7 105 108 123 125
328 8 105 108 110 113
329 7 105 108 110 111
330 7 105 108 110 112
331 7 123 108 105 106
332 28 106 105 108 109
333 7 110 108 105 106
334 7 123 108 105 107
335 28 107 105 108 109
336 7 110 108 105 107
337 21 108 123 126 127
338 21 108 123 126 128
339 16 114 113 110 108
340 4 126 123 108 109
341 28 124 123 108 109
342 28 125 123 108 109
343 32 109 108 110 113
344 28 111 110 108 109
345 28 112 110 108 109
346 3 126 123 108 110
347 7 110 108 123 124
348 7 110 108 123 125
349 17 110 113 114 117
350 18 110 113 114 115
351 18 110 113 114 116
352 7 123 108 110 111
353 18 114 113 110 111
354 7 123 108 110 112
355 18 114 113 110 112
356 8 123 108 110 113
357 36 119 117 114 113
358 35 118 117 114 113
359 13 120 117 114 113
360 14 114 117 119 120
361 12 114 117 120 119
362 11 114 117 120 121
363 11 114 117 120 122
364 31 115 114 117 119
365 30 115 114 117 118
366 11 120 117 114 115
367 31 116 114 117 119
368 30 116 114 117 118
369 11 120 117 114 116
370 24 117 119 120 121
371 24 117 119 120 122
372 15 120 119 117 118
373 34 118 117 120 119
374 30 121 120 117 118
375 30 122 120 117 118
376 31 121 120 117 119
377 31 122 120 117 119
378 26 124 123 126 127
379 26 124 123 126 128
380 26 125 123 126 127
381 26 125 123 126 128

Impropers

1 19 84 1 60 2
2 18 84 1 60 3
3 19 3 1 84 2
4 19 3 1 60 2
5 9 1 3 6 4
6 9 1 3 6 5
7 7 1 3 4 5
8 16 4 3 5 6
9 8 10 7 8 6
10 8 10 7 9 6
11 16 8 7 9 6
12 7 10 7 8 9
13 21 7 10 17 11
14 20 12 10 7 17
15 19 12 10 7 11
16 21 12 10 17 11
17 10 10 12 15 13
18 10 10 12 15 14
19 7 10 12 13 14
20 17 13 12 14 15
21 5 21 18 19 17
22 5 21 18 20 17
23 16 19 18 20 17
24 4 21 18 19 20
25 1 18 21 24 22
26 1 18 21 24 23
27 4 18 21 22 23
28 4 24 21 22 23
29 6 21 24 27 25
30 6 21 24 27 26
31 4 21 24 25 26
32 16 25 24 26 27
33 8 31 28 29 27
34 8 31 28 30 27
35 16 29 28 30 27
36 7 31 28 29 30
37 19 28 31 33 32
38 18 28 31 33 57
39 19 57 31 28 32
40 19 57 31 33 32
41 3 36 33 34 31
42 3 36 33 35 31
43 7 31 33 34 35
44 4 36 33 34 35
45 2 33 36 39 37
46 2 33 36 39 38
47 4 33 36 37 38
48 7 39 36 37 38
49 19 36 39 54 40
50 18 36 39 54 41
51 19 41 39 36 40
52 19 41 39 54 40
53 9 39 41 44 42
54 9 39 41 44 43
55 7 39 41 42 43
56 16 42 41 43 44
57 13 48 45 46 44
58 13 48 45 47 44
59 16 46 45 47 44
60 11 48 45 46 47
61 25 45 48 50 49
62 23 51 48 45 50
63 22 51 48 45 49
64 25 51 48 50 49
65 12 48 51 52 50
66 12 48 51 53 50
67 15 52 51 53 50
68 11 48 51 52 53
69 3 57 54 55 39
70 3 57 54 56 39
71 7 39 54 55 56
72 4 57 54 55 56
73 2 54 57 31 58
74 2 54 57 31 59
75 4 54 57 58 59
76 7 31 57 58 59
77 3 63 60 61 1
78 3 63 60 62 1
79 7 1 60 61 62
80 4 63 60 61 62
81 2 60 63 66 64
82 2 60 63 66 65
83 4 60 63 64 65
84 7 66 63 64 65
85 19 63 66 81 67
86 18 63 66 81 68
87 19 68 66 63 67
88 19 68 66 81 67
89 9 66 68 71 69
90 9 66 68 71 70
91 7 66 68 69 70
92 16 69 68 70 71
93 13 75 72 73 71
94 13 75 72 74 71
95 16 73 72 74 71
96 11 75 72 73 74
97 25 72 75 77 76
98 23 78 75 72 77
99 22 78 75 72 76
100 25 78 75 77 76
101 12 75 78 79 77
102 12 75 78 80 77
103 15 79 78 80 77
104 11 75 78 79 80
105 3 84 81 82 66
106 3 84 81 83 66
107 7 66 81 82 83
108 4 84 81 82 83
109 2 81 84 1 85
110 2 81 84 1 86
111 4 81 84 85 86
112 7 1 84 85 86
113 19 89 87 102 88
114 19 126 87 102 88
115 18 102 87 89 126
116 19 89 87 126 88
117 9 87 89 92 90
118 9 87 89 92 91
119 7 87 89 90 91
120 16 90 89 91 92
121 13 96 93 94 92
122 13 96 93 95 92
123 16 94 93 95 92
124 11 96 93 94 95
125 22 93 96 98 97
126 23 93 96 98 101
127 24 93 96 97 101
128 24 98 96 97 101
129 14 96 98 101 99
130 14 96 98 101 100
131 11 96 98 99 100
132 15 99 98 100 101
133 3 105 102 103 87
134 3 105 102 104 87
135 7 87 102 103 104
136 4 105 102 103 104
137 2 102 105 108 106
138 2 102 105 108 107
139 4 102 105 106 107
140 7 108 105 106 107
141 19 105 108 123 109
142 18 105 108 123 110
143 19 110 108 105 109
144 19 110 108 123 109
145 9 108 110 113 111
146 9 108 110 113 112
147 7 108 110 111 112
148 16 111 110 112 113
149 13 117 114 115 113
150 13 117 114 116 113
151 16 115 114 116 113
152 11 117 114 115 116
153 25 114 117 119 118
154 23 120 117 114 119
155 22 120 117 114 118
156 25 120 117 119 118
157 12 117 120 121 119
158 12 117 120 122 119
159 15 121 120 122 119
160 11 117 120 121 122
161 3 126 123 124 108
162 3 126 123 125 108
163 7 108 123 124 125
164 4 126 123 124 125
165 2 123 126 87 127
166 2 123 126 87 128
167 4 123 126 127 128
168 7 87 126 127 128
