delete edged atoms 
32 atoms
34 bonds
69 angles
111 dihedrals
44 impropers

Types

1	2
2	7
3	2
4	5
5	1
6	5
7	5
8	2
9	5
10	2
11	5
12	2
13	2
14	2
15	5
16	1
17	5
18	5
19	2
20	2
21	2
22	5
23	2
24	5
25	6
26	2
27	5
28	1
29	5
30	5
31	2
32	5

Charges

1	0.0800
2	-0.2660
3	0.0800
4	0.0530
5	-0.1060
6	0.0530
7	0.0530
8	-0.0530
9	0.0530
10	-0.0530
11	0.0530
12	0.0800
13	-0.0530
14	-0.0530
15	0.0530
16	-0.1060
17	0.0530
18	0.0530
19	-0.0530
20	-0.0530
21	-0.0530
22	0.0530
23	0.0800
24	0.0530
25	-0.2660
26	0.0800
27	0.0530
28	-0.1060
29	0.0530
30	0.0530
31	-0.0530
32	0.0530

Coords

1	8.0589072802	20.2020427567	67.8156546390
2	7.6480309025	21.5552812539	68.0387998102
3	6.8333439345	22.2790204723	67.1156371102
4	7.1188965819	22.0727421784	66.0960317714
5	7.1789584809	23.8054630034	67.3664795537
6	8.0519927532	23.8549259214	68.0197356582
7	7.4741830012	24.4291498610	66.5382811631
8	5.8523542879	24.3170383041	67.9603481447
9	5.9373128859	25.3982773993	68.0239684420
10	5.6674148152	23.5375706635	69.3124375674
11	6.6220647159	23.3461381855	69.7550018612
12	4.8652331743	24.1225370870	70.4324979787
13	4.9036439413	22.2230616442	68.8541441575
14	5.2551079478	22.1842719124	67.3183578027
15	4.7760289749	21.3791166238	66.6985317168
16	4.9228459581	23.6756381888	66.9607330220
17	5.2719954637	23.8873746122	65.9656040558
18	3.8770312997	23.9428550880	67.0904211186
19	64.6200785689	24.1951136717	29.3024961971
20	66.7033649200	24.9063297227	28.6031692292
21	66.7428101106	24.9842375742	30.2060679461
22	66.7264548815	26.0279268442	30.5175574477
23	67.7912004542	24.3806079709	31.1385665979
24	68.7003935070	25.0722422195	31.2710603474
25	68.0020802434	23.0151944316	30.9309708390
26	67.1044614374	23.3353385320	31.9415019086
27	67.3780884606	23.0689347109	32.9694939408
28	65.6868489756	23.1339426381	31.4556525606
29	64.9723950495	22.9053209950	32.2251379930
30	65.5908047104	22.2855454006	30.7652132507
31	65.3910823571	24.4103750441	30.6167281596
32	64.8168222424	25.0949505339	31.1327032788

Bonds

1	9	1	2
2	9	3	2
3	2	5	3
4	5	3	14
5	7	3	4
6	2	5	8
7	4	5	6
8	4	5	7
9	5	8	10
10	2	16	8
11	7	8	9
12	5	10	12
13	5	10	13
14	7	10	11
15	5	13	14
16	2	16	14
17	7	14	15
18	4	16	17
19	4	16	18
20	5	19	31
21	5	20	21
22	5	21	23
23	5	21	31
24	7	21	22
25	5	23	26
26	8	23	25
27	7	23	24
28	8	26	25
29	2	28	26
30	7	26	27
31	2	28	31
32	4	28	29
33	4	28	30
34	7	31	32

Angles

1	24	1	2	3
2	7	5	3	2
3	18	14	3	2
4	33	4	3	2
5	11	3	5	8
6	13	3	5	6
7	13	3	5	7
8	14	3	14	13
9	4	16	14	3
10	16	3	14	15
11	5	5	3	4
12	16	14	3	4
13	4	5	3	14
14	4	5	8	10
15	3	5	8	16
16	5	5	8	9
17	13	8	5	6
18	31	6	5	7
19	13	8	5	7
20	14	8	10	12
21	14	8	10	13
22	16	8	10	11
23	11	8	16	14
24	13	8	16	17
25	13	8	16	18
26	16	10	8	9
27	5	16	8	9
28	4	16	8	10
29	14	10	13	14
30	16	12	10	11
31	16	13	10	11
32	14	12	10	13
33	4	16	14	13
34	16	13	14	15
35	13	14	16	17
36	13	14	16	18
37	5	16	14	15
38	31	17	16	18
39	4	28	31	19
40	14	19	31	21
41	16	19	31	32
42	14	20	21	23
43	14	20	21	31
44	16	20	21	22
45	14	21	23	26
46	17	21	23	25
47	16	21	23	24
48	4	28	31	21
49	16	21	31	32
50	16	23	21	22
51	16	31	21	22
52	14	23	21	31
53	4	28	26	23
54	17	23	26	25
55	16	23	26	27
56	23	23	25	26
57	16	26	23	24
58	32	24	23	25
59	17	26	23	25
60	6	28	26	25
61	32	27	26	25
62	11	26	28	31
63	13	26	28	29
64	13	26	28	30
65	5	28	26	27
66	5	28	31	32
67	13	31	28	29
68	31	29	28	30
69	13	31	28	30

Dihedrals

1	14	5	3	2	1
2	40	14	3	2	1
3	46	1	2	3	4
4	24	8	5	3	2
5	56	6	5	3	2
6	56	7	5	3	2
7	34	13	14	3	2
8	11	16	14	3	2
9	61	15	14	3	2
10	21	3	5	8	10
11	4	16	8	5	3
12	22	3	5	8	9
13	30	3	14	13	10
14	21	8	16	14	3
15	29	3	14	16	17
16	29	3	14	16	18
17	22	8	5	3	4
18	54	6	5	3	4
19	54	7	5	3	4
20	32	13	14	3	4
21	9	16	14	3	4
22	59	4	3	14	15
23	7	5	3	14	13
24	6	5	3	14	16
25	9	5	3	14	15
26	7	5	8	10	12
27	7	5	8	10	13
28	9	5	8	10	11
29	4	5	8	16	14
30	5	5	8	16	17
31	5	5	8	16	18
32	29	14	3	5	6
33	29	10	8	5	6
34	5	16	8	5	6
35	54	6	5	8	9
36	29	14	3	5	7
37	29	10	8	5	7
38	5	16	8	5	7
39	54	7	5	8	9
40	21	8	5	3	14
41	30	8	10	13	14
42	21	8	16	14	13
43	22	8	16	14	15
44	32	12	10	8	9
45	32	13	10	8	9
46	59	9	8	10	11
47	22	14	16	8	9
48	54	17	16	8	9
49	54	18	16	8	9
50	21	14	16	8	10
51	29	10	8	16	17
52	29	10	8	16	18
53	7	16	14	13	10
54	32	10	13	14	15
55	9	16	8	10	11
56	32	14	13	10	11
57	7	16	8	10	12
58	30	12	10	13	14
59	29	13	14	16	17
60	29	13	14	16	18
61	7	16	8	10	13
62	54	17	16	14	15
63	54	18	16	14	15
64	21	26	28	31	19
65	29	19	31	28	29
66	29	19	31	28	30
67	30	19	31	21	20
68	30	19	31	21	23
69	32	19	31	21	22
70	30	20	21	23	26
71	33	20	21	23	25
72	32	20	21	23	24
73	7	28	31	21	20
74	32	20	21	31	32
75	7	28	26	23	21
76	33	21	23	26	25
77	32	21	23	26	27
78	39	21	23	25	26
79	21	26	28	31	21
80	29	21	31	28	29
81	29	21	31	28	30
82	32	26	23	21	22
83	60	22	21	23	25
84	59	22	21	23	24
85	9	28	31	21	22
86	59	22	21	31	32
87	7	28	31	21	23
88	32	23	21	31	32
89	21	31	28	26	23
90	29	23	26	28	29
91	29	23	26	28	30
92	13	28	26	25	23
93	45	23	25	26	27
94	32	31	21	23	24
95	9	28	26	23	24
96	60	24	23	26	25
97	59	24	23	26	27
98	45	26	25	23	24
99	33	31	21	23	25
100	10	28	26	23	25
101	60	27	26	23	25
102	23	31	28	26	25
103	55	29	28	26	25
104	55	30	28	26	25
105	30	26	23	21	31
106	22	26	28	31	32
107	22	31	28	26	27
108	54	29	28	26	27
109	54	30	28	26	27
110	54	29	28	31	32
111	54	30	28	31	32

Impropers

1	13	5	3	14	2
2	16	5	3	4	2
3	30	14	3	4	2
4	11	5	3	14	4
5	4	3	5	8	6
6	4	3	5	8	7
7	6	3	5	6	7
8	6	8	5	6	7
9	8	16	8	5	10
10	11	5	8	10	9
11	9	5	8	16	9
12	14	16	8	9	10
13	21	8	10	12	13
14	23	8	10	12	11
15	23	8	10	13	11
16	23	12	10	13	11
17	10	16	14	3	13
18	14	16	14	15	13
19	23	13	14	3	15
20	11	16	14	3	15
21	4	14	16	8	17
22	4	14	16	8	18
23	6	14	16	17	18
24	6	8	16	17	18
25	21	20	21	23	31
26	23	20	21	23	22
27	23	20	21	31	22
28	23	23	21	31	22
29	24	21	23	26	25
30	23	21	23	26	24
31	32	21	23	25	24
32	32	26	23	25	24
33	17	28	26	25	23
34	14	28	26	27	23
35	32	23	26	25	27
36	18	28	26	25	27
37	4	26	28	31	29
38	4	26	28	31	30
39	6	26	28	29	30
40	6	31	28	29	30
41	10	28	31	21	19
42	11	28	31	21	32
43	11	28	31	19	32
44	23	21	31	19	32