delete edged atoms 
32 atoms
34 bonds
69 angles
114 dihedrals
44 impropers

Types

1	2
2	7
3	2
4	5
5	2
6	5
7	7
8	2
9	5
10	1
11	5
12	5
13	1
14	5
15	5
16	2
17	5
18	2
19	2
20	2
21	5
22	2
23	5
24	2
25	5
26	2
27	2
28	2
29	5
30	1
31	5
32	5

Charges

1	0.0800
2	-0.2660
3	0.0800
4	0.0530
5	0.0800
6	0.0530
7	-0.2660
8	0.0800
9	0.0530
10	-0.1060
11	0.0530
12	0.0530
13	-0.1060
14	0.0530
15	0.0530
16	-0.0530
17	0.0530
18	-0.0530
19	-0.0530
20	-0.0530
21	0.0530
22	-0.0530
23	0.0530
24	-0.0530
25	0.0530
26	0.0800
27	-0.0530
28	-0.0530
29	0.0530
30	-0.1060
31	0.0530
32	0.0530

Coords

1	28.8684492853	37.1912880865	22.3339560404
2	29.2422645731	38.5893134333	22.4450399767
3	29.1963357329	39.4353261964	21.2006157806
4	28.9192556169	38.7741004944	20.3642751149
5	30.4106999813	40.2840967942	20.8653008553
6	31.0135720290	39.7508837874	20.1659808408
7	31.0748290721	40.5053947069	22.0633844475
8	32.2827959592	41.1665858426	21.9061899954
9	32.9553758094	40.5961661041	22.6742624917
10	32.2988433611	42.7591330139	22.2444766478
11	31.2600033163	43.1835896644	22.2340435699
12	32.4165629767	42.8877445768	23.3193254458
13	33.3999430691	43.4940277428	21.5014935007
14	33.8925116081	44.2723734375	22.1358410960
15	32.9784919886	43.9160546340	20.5931381571
16	34.3048660622	42.2348842163	21.3317247832
17	34.4691555890	41.9180682984	22.3981723518
18	35.5297606664	41.8230571615	20.6033472217
19	33.9927202236	40.3518170583	19.6897913886
20	33.2092065477	41.2891557035	20.6778983948
21	32.5740774983	41.9201968719	20.0084723607
22	29.7480234277	41.5812243096	20.3192954570
23	30.4302148331	42.4329400810	20.1191507022
24	28.6726543901	41.4681096125	19.1873769461
25	28.5210662908	42.3844774519	18.6255252665
26	28.9461318446	40.3171886780	18.1731893537
27	27.4325943143	40.9224522575	19.9235722486
28	28.0750427170	40.5343874312	21.3506790974
29	27.3798205718	40.3426182544	22.2071873614
30	28.8247756500	41.8554243417	21.5876176873
31	28.2429480034	42.7940226512	21.5883632933
32	29.2078155816	41.9110086323	22.5812053775

Bonds

1	9	1	2
2	9	3	2
3	5	3	5
4	5	3	28
5	7	3	4
6	5	5	22
7	9	5	7
8	7	5	6
9	9	8	7
10	2	10	8
11	5	8	20
12	7	8	9
13	1	10	13
14	4	10	11
15	4	10	12
16	2	13	16
17	4	13	14
18	4	13	15
19	5	16	18
20	5	16	20
21	7	16	17
22	5	19	20
23	7	20	21
24	5	22	24
25	2	30	22
26	7	22	23
27	5	24	26
28	5	24	27
29	7	24	25
30	5	27	28
31	2	30	28
32	7	28	29
33	4	30	31
34	4	30	32

Angles

1	24	1	2	3
2	18	5	3	2
3	18	28	3	2
4	33	4	3	2
5	14	3	5	22
6	18	3	5	7
7	16	3	5	6
8	14	3	28	27
9	4	30	28	3
10	16	3	28	29
11	16	5	3	4
12	16	28	3	4
13	14	5	3	28
14	14	5	22	24
15	4	30	22	5
16	16	5	22	23
17	24	5	7	8
18	16	22	5	6
19	33	6	5	7
20	18	22	5	7
21	7	10	8	7
22	18	20	8	7
23	33	9	8	7
24	1	13	10	8
25	13	8	10	11
26	13	8	10	12
27	14	8	20	19
28	14	8	20	16
29	16	8	20	21
30	5	10	8	9
31	16	20	8	9
32	4	10	8	20
33	1	10	13	16
34	2	10	13	14
35	2	10	13	15
36	2	13	10	11
37	31	11	10	12
38	2	13	10	12
39	4	13	16	18
40	4	13	16	20
41	5	13	16	17
42	13	16	13	14
43	31	14	13	15
44	13	16	13	15
45	14	16	20	19
46	16	16	20	21
47	16	18	16	17
48	16	20	16	17
49	14	18	16	20
50	16	19	20	21
51	14	22	24	26
52	14	22	24	27
53	16	22	24	25
54	11	22	30	28
55	13	22	30	31
56	13	22	30	32
57	16	24	22	23
58	5	30	22	23
59	4	30	22	24
60	14	24	27	28
61	16	26	24	25
62	16	27	24	25
63	14	26	24	27
64	4	30	28	27
65	16	27	28	29
66	13	28	30	31
67	13	28	30	32
68	5	30	28	29
69	31	31	30	32

Dihedrals

1	40	5	3	2	1
2	40	28	3	2	1
3	46	1	2	3	4
4	34	22	5	3	2
5	67	2	3	5	7
6	61	6	5	3	2
7	34	27	28	3	2
8	11	30	28	3	2
9	61	29	28	3	2
10	30	3	5	22	24
11	7	30	22	5	3
12	32	3	5	22	23
13	40	3	5	7	8
14	30	3	28	27	24
15	21	22	30	28	3
16	29	3	28	30	31
17	29	3	28	30	32
18	32	22	5	3	4
19	61	4	3	5	7
20	59	4	3	5	6
21	32	27	28	3	4
22	9	30	28	3	4
23	59	4	3	28	29
24	30	5	3	28	27
25	7	30	28	3	5
26	32	5	3	28	29
27	30	5	22	24	26
28	30	5	22	24	27
29	32	5	22	24	25
30	21	28	30	22	5
31	29	5	22	30	31
32	29	5	22	30	32
33	14	10	8	7	5
34	40	20	8	7	5
35	46	5	7	8	9
36	32	28	3	5	6
37	32	24	22	5	6
38	9	30	22	5	6
39	59	6	5	22	23
40	46	8	7	5	6
41	34	28	3	5	7
42	34	24	22	5	7
43	11	30	22	5	7
44	61	23	22	5	7
45	3	13	10	8	7
46	56	11	10	8	7
47	56	12	10	8	7
48	34	19	20	8	7
49	34	16	20	8	7
50	61	21	20	8	7
51	40	22	5	7	8
52	19	8	10	13	16
53	20	8	10	13	14
54	20	8	10	13	15
55	7	13	16	20	8
56	30	8	20	16	18
57	32	8	20	16	17
58	2	13	10	8	9
59	54	11	10	8	9
60	54	12	10	8	9
61	32	19	20	8	9
62	32	16	20	8	9
63	59	9	8	20	21
64	7	10	8	20	19
65	7	10	8	20	16
66	9	10	8	20	21
67	1	10	13	16	18
68	1	10	13	16	20
69	2	10	13	16	17
70	29	20	8	10	11
71	20	16	13	10	11
72	53	11	10	13	14
73	53	11	10	13	15
74	29	20	8	10	12
75	20	16	13	10	12
76	53	12	10	13	14
77	53	12	10	13	15
78	1	13	10	8	20
79	7	13	16	20	19
80	9	13	16	20	21
81	29	18	16	13	14
82	29	20	16	13	14
83	54	14	13	16	17
84	29	18	16	13	15
85	29	20	16	13	15
86	54	15	13	16	17
87	32	19	20	16	17
88	59	17	16	20	21
89	30	18	16	20	19
90	32	18	16	20	21
91	30	22	5	3	28
92	30	22	24	27	28
93	21	22	30	28	27
94	22	22	30	28	29
95	32	26	24	22	23
96	32	27	24	22	23
97	59	23	22	24	25
98	22	28	30	22	23
99	54	31	30	22	23
100	54	32	30	22	23
101	21	28	30	22	24
102	29	24	22	30	31
103	29	24	22	30	32
104	7	30	28	27	24
105	32	24	27	28	29
106	9	30	22	24	25
107	32	28	27	24	25
108	7	30	22	24	26
109	30	26	24	27	28
110	29	27	28	30	31
111	29	27	28	30	32
112	7	30	22	24	27
113	54	31	30	28	29
114	54	32	30	28	29

Impropers

1	23	5	3	28	2
2	28	5	3	4	2
3	28	28	3	4	2
4	21	5	3	28	4
5	23	3	5	22	7
6	21	3	5	22	6
7	31	3	5	7	6
8	31	22	5	7	6
9	12	10	8	20	7
10	14	10	8	9	7
11	28	20	8	9	7
12	11	10	8	20	9
13	2	13	10	11	8
14	2	13	10	12	8
15	6	8	10	11	12
16	3	13	10	11	12
17	1	10	13	16	14
18	1	10	13	16	15
19	3	10	13	14	15
20	6	16	13	14	15
21	10	13	16	18	20
22	11	13	16	18	17
23	11	13	16	20	17
24	21	18	16	20	17
25	19	19	20	8	16
26	21	19	20	8	21
27	21	19	20	16	21
28	21	8	20	16	21
29	10	30	22	5	24
30	21	5	22	24	23
31	13	30	22	23	5
32	13	30	22	23	24
33	19	22	24	26	27
34	21	22	24	26	25
35	21	22	24	27	25
36	21	26	24	27	25
37	10	30	28	3	27
38	13	30	28	29	27
39	21	27	28	3	29
40	11	30	28	3	29
41	4	28	30	22	31
42	4	28	30	22	32
43	6	28	30	31	32
44	6	22	30	31	32