# Fix print output for fix def1
-5.65930574028011e-16 2.5843817579942 2.34966115798338 2.13190093408058
0.00999999999999947 -0.174869645504903 -0.317513939051741 -0.301589037886624
0.0199999999999995 0.123647238947812 0.115905269087387 -0.205375077971156
0.0299999999999995 0.297438426692869 0.126139336839302 -0.228001754165199
0.0399999999999996 0.121373058461832 -0.0384783449663976 -0.162982681453823
0.0499999999999994 0.115248057348696 -0.00570529987652856 0.253451298219283
0.0599999999999994 0.0451369733264842 -0.0978626827336215 0.292930437681171
0.0699999999999995 0.0576945445237047 0.0234520170880892 0.193568960815126
0.0799999999999995 -0.0531992282220983 0.0435877265771605 -0.0751920138387784
0.0899999999999995 0.125355925604492 0.0844776459881917 0.297846159139212
0.0999999999999994 0.0196958279343239 -0.090908468620788 -0.0255192268909195
0.109999999999999 0.326824831740555 -0.100562611660734 -0.20663150736489
0.119999999999999 0.519589070771176 -0.25096730402835 0.0931159436410127
0.129999999999999 0.205208007670503 -0.0941196936635988 -0.20673172984257
0.14 0.125205497133588 -0.160949801002369 -0.143795611957575
0.149999999999999 0.207169334446559 0.0949097674485414 -0.38329931875722
0.159999999999999 0.132000792829176 -0.0884247939424666 0.00448681613356061
0.169999999999999 0.144074015234747 0.198999308107028 0.0298407594348317
0.179999999999999 0.261512779519417 -0.138138381175611 -0.0248194067760266
0.189999999999999 0.154771478702206 -0.158659717359089 0.0639296918331237
0.199999999999999 0.252406792150473 -0.10238590197235 0.0656573016644792
0.209999999999999 0.10806832580377 0.00531786533990551 0.242271561381746
0.219999999999999 0.20250173755375 0.177871735728014 0.15163275256255
0.229999999999999 0.261822180152538 0.0993083653438012 -0.0953119850790758
0.239999999999999 0.327869877757627 0.239125378026777 0.169351364165793
0.249999999999999 0.322832720019562 -0.209751550238518 0.00332624197096644
0.259999999999999 0.426809910427701 -0.169060411895634 -0.0248615249526636
0.269999999999999 0.113707023222629 0.201702096939255 -0.0586845039635745
0.279999999999999 0.213659300551446 0.207262318685864 0.304997153750826
0.289999999999999 0.2994826025114 0.0937433517927518 0.0160839915260734
0.299999999999999 0.38713945056541 -0.0615557981554151 0.105049226556917
0.309999999999999 0.460351429172525 -0.189773782953104 -0.0322788824593249
0.319999999999999 0.392594466006786 0.00454898472371031 0.00266666528131768
0.329999999999999 0.234831281526907 -0.0893404749631876 0.0642412440006745
0.339999999999999 0.252478443079912 -0.214645316772124 -0.0916707221236657
0.349999999999999 0.149630756965178 -0.0499460207217544 0.224844313862385
0.359999999999999 0.419642032894571 -0.0714717501206079 0.579302092331062
0.369999999999999 0.451145632352736 0.209647939866132 0.353998516667768
0.379999999999999 0.313491295369163 -0.139849034493941 0.00843168985460491
0.389999999999999 0.159208888051144 -0.144629892856347 0.03886426812214
0.399999999999999 0.182891490172444 -0.00797289688672438 0.108379220153212
0.409999999999999 0.294955147942772 -0.116136271297995 0.0669796527225412
0.419999999999999 0.29349645742938 -0.101822154583372 0.00565832605273164
0.429999999999999 0.254307718584611 0.0319674889517006 -0.390645984975973
0.439999999999999 0.344411382696108 0.0600645625641166 0.0258176868289653
0.449999999999999 0.227433549777797 -0.0462294514056374 0.0891895729610168
0.459999999999999 0.113567510945644 0.127917761085252 0.282592516834823
0.469999999999999 0.203073282099091 -0.050737193506631 -0.0306955699462748
0.479999999999999 0.171503358512148 -0.110308621906927 -0.0785476077062038
0.489999999999999 0.388844593247101 -0.0623521416402369 -0.0190749737291306
0.499999999999999 0.389310604961601 0.168346079740067 0.169983295064012
0.509999999999999 0.00850558516250506 -0.00199700356739166 0.00133576114255976
0.519999999999999 0.543376415842625 0.228656554444868 -0.0479524361161682
0.529999999999999 0.178295135900367 0.0993856432447656 -0.069633769093596
0.539999999999999 0.498305356034121 0.321038587371231 0.190776611894067
0.549999999999999 -0.0353242338839189 -0.00792772514794011 -0.10149210597426
0.559999999999999 0.125341768711269 0.0224381042481901 -0.132327320556866
0.569999999999999 0.411864525318462 -0.0112512113312126 -0.0716639744223486
0.579999999999999 0.373558809613542 -0.0523552909427094 0.345167160275689
0.589999999999999 0.288186149496775 -0.173259845411311 -0.112568516717743
0.599999999999999 0.012467685199203 -0.196154671176947 0.117220632837918
0.609999999999999 0.0105728064483294 -0.282480907423958 0.130608364729156
0.619999999999999 0.248629363077678 -0.113917886267486 0.210761708062012
0.629999999999999 0.356768443614801 -0.181016872645246 0.224642420163984
0.639999999999999 0.430018048817049 0.0606577209056053 0.0767925492970013
0.649999999999999 0.278055017529006 -0.0843742516237346 -0.106846000401329
0.659999999999999 0.228669998743773 0.0219146841555404 -0.100436473134657
0.669999999999999 0.662282229242229 -0.029229060266374 0.0930918107640347
0.679999999999999 0.314419889031024 0.220911360448016 -0.0323550701091072
0.689999999999999 0.27042706936958 0.160704429418698 0.197557775326104
0.699999999999999 0.426386908027385 0.0628090840290968 -0.0619577215858988
0.709999999999999 0.0464422008114462 0.0932548844363026 0.0285678418150692
0.719999999999999 0.208928859229691 0.0751467257572385 0.0579807098635495
0.729999999999999 0.271745208987882 -0.243167328446925 -0.0112880467804781
0.739999999999999 0.135094273828119 0.387008874588888 -0.00497558363538484
0.749999999999999 -0.0134528797718732 -0.101571322234494 0.160776053241999
0.759999999999999 0.294017800803699 -0.0748425215101407 -0.20060403141149
0.769999999999999 0.486211427743203 -0.0775157462705181 -0.0921345507943619
0.779999999999999 0.391239827096104 0.065827730786035 -0.161672076402824
0.789999999999999 -0.0204959492043988 -0.0731930118498505 0.119012719378291
0.799999999999999 0.18766989084941 0.0800027770516867 -0.0500118555152732
0.809999999999999 0.538890778180591 0.143127797583634 0.102408662410634
0.819999999999999 0.488183879158467 0.021762559714327 -0.0941958667749248
0.829999999999999 0.224240701040182 -0.0731670198487585 -0.0428627381835348
0.839999999999999 0.157437524173789 -0.0513288346569407 -0.0365866451927544
0.849999999999999 0.668202254878476 0.374748154045783 0.348182913893859
0.859999999999999 0.261979625705359 0.106895614333467 0.0526537290805587
0.869999999999999 0.206208522984906 -0.109204803114789 -0.0208330862099808
0.879999999999999 0.289240658830597 0.124562589151564 -0.24254191195578
0.889999999999999 0.390277187277963 -0.177851949497203 0.00327122524313713
0.899999999999999 0.226966955960386 -0.283158214031325 -0.073502589129807
0.909999999999999 0.30744514504796 -0.00336804683360856 0.00809804280358669
0.919999999999999 0.539214256097272 -0.0613237164721542 0.0559899194361528
0.929999999999999 0.276583514868015 -0.0993193811812023 -0.0826124664019244
0.939999999999999 0.24837977498227 -0.0364752070366602 0.250288850506578
0.949999999999999 0.26468531660262 0.0754942083432871 0.0900710875517458
0.959999999999999 0.510417964284401 0.0182994038316575 -0.156287209030047
0.969999999999999 0.427348133993018 -0.00244231263119273 0.0214579003819808
0.979999999999999 0.63697309677891 -0.267465988251742 -0.0249187845404626
0.989999999999999 0.551759552448572 0.297967510438497 0.0857762297747627
0.999999999999999 0.68018274961303 0.310929912096188 0.0418256837431465
1.01 0.439244324977824 -0.215597293446496 -0.0999945616375008
1.02 0.479805012354607 -0.0506651556998184 -0.0141726388500097
1.03 0.311645957752543 -0.0237017812364724 -0.128059002474542
1.04 0.618968207741035 -0.0140422639603423 0.123809775187203
1.05 0.546252999165249 -0.145393826989082 0.152363610827216
1.06 0.606540258614898 0.317890039654084 0.276665924212508
1.07 0.562003017491586 -0.152010374623209 -0.040998628819821
1.08 0.708558995238327 -0.0421110965349028 -0.0828394957422672
1.09 0.463618182837675 -0.0790762532464271 0.0933347734939298
1.1 0.453921599856563 0.172518519244765 0.0336150110382387
1.11 0.410270495858976 0.224913644799245 -0.225121428177811
1.12 0.480307383862959 0.00625323575871001 0.0402682742249645
1.13 0.672187425421819 0.121605484113867 -0.0527914520503758
1.14 0.699774109170388 0.0929962714711142 0.215039001012009
1.15 0.322316002778541 -0.0221769214949992 0.0664817138457265
1.16 0.781472416869049 -0.12106494014778 0.476027967856399
1.17 0.636256199580455 -0.133874825725147 0.154230558666472
1.18 0.720554480685409 -0.0451114865652948 0.1967059760576
1.19 0.45579267255406 -0.0530215205012195 0.000100222460337895
1.2 0.46096887026886 -0.283070994916273 -0.070365917952678
1.21 0.615074453867519 -0.00482338623899159 0.0082882680578221
1.22 0.659895049061108 -0.0374416314219881 -0.101639589325082
1.23 0.775269133630697 -0.177367812625387 -0.0336196053430934
1.24 0.895815293619282 0.12387836461369 -0.213934702213531
1.25 0.898118204848746 -0.122705913550291 0.148587375605137
1.26 0.567022480905295 -0.178284439723312 0.0343215735359653
1.27 0.420518583632863 -0.0137180021881438 -0.152108996745584
1.28 0.859190944015845 0.244234566431494 0.256452864172074
1.29 0.477115266546551 0.0719429723319274 -0.0240499566515719
1.3 0.505545172481619 -0.111356310395119 0.0490967910926067
1.31 0.740203243851364 -0.164278177795353 -0.191104625655322
1.32 0.35409344936829 0.0882320094849856 -0.00554478270706525
1.33 0.618133299992983 -0.0536630757523708 -0.114730096406969
1.34 0.780880204857961 0.121956383814347 -0.204871703116744
1.35 0.643009866171547 0.111602135029649 -0.0533876391566574
1.36 0.50258261685604 -0.139546256645717 -0.234534840407339
1.37 0.780668818141503 0.0936028931613973 0.0852321168891999
1.38 0.992218094993622 0.193147284858022 0.048697184965584
1.39 1.16694073310296 -0.00820763451339954 0.183845386639084
1.4 0.682659314249877 -0.0571965546193506 -0.148129552433359
1.41 0.903631090834769 0.043496615703858 0.0581823550244824
1.42 0.795998899203429 -0.0317594918277141 -0.0739301896054269
1.43 0.826810560623004 0.281719790802017 -0.0212072968975044
1.44 0.926770967592563 -0.157424403563712 0.350675070956629
1.45 1.00807065049722 -0.211335204575518 -0.00264817806486853
1.46 0.930761270018447 0.0104583858438097 0.255802930187494
1.47 0.909158418049361 0.16398306618915 0.172446201614109
1.48 0.991939481333425 -0.232493244021172 -0.154701383199571
1.49 1.01504037796419 -0.0934957266188863 0.120933361823288
1.5 0.785220607116607 -0.131363357562659 0.0593210107290579
1.51 0.997008222359539 -0.0836223087414763 -0.0191812791800238
1.52 0.874769091603665 0.0823635731972325 0.00154487969957647
1.53 1.24447581767204 -0.138798879824187 -0.151328395998761
1.54 0.91059808613519 0.214978381082216 -0.122599633609695
1.55 0.860628255181172 0.035187583458044 -0.0843396208165672
1.56 1.01075614181867 0.0118322733038916 0.186024992259405
1.57 0.830071601473019 -0.0609185472067629 -0.00717596039970592
1.58 0.752813207503169 0.0967190393415908 0.262679204923505
1.59 0.853375248374181 -0.0406235889880119 -0.00577564790590176
1.6 0.584518198759943 -0.136839323196022 0.0189861042633639
1.61 0.58598145491116 -0.154359883791486 -0.209892160818221
1.62 0.751122142378816 0.249235246220305 0.135593800993631
1.63 0.517974545200157 0.207128928879335 -0.0777904937557936
1.64 0.538410627632406 0.00632033871289896 0.105659800746175
1.65 0.278348579261991 -0.221993809093261 -0.326669678283511
1.66 0.417843298811058 -0.0334139593410042 -0.228218169680322
1.67 0.0957985390530754 0.0821694163769755 -0.1214629764703
1.68 0.119984869631581 0.100328545601767 -0.0609026300949202
1.69 0.472965454492332 0.0969090380544712 0.00152256906131491
1.7 0.272912649729241 -0.13820874882955 -0.266292144635103
1.71 0.339322603176815 -0.144636567101294 -0.0523486320564243
1.72 0.2969045808487 -0.0608578006015165 0.207004997500303
1.73 0.556330821182045 0.0383559143406539 -0.0811232195476504
1.74 0.642469196723636 0.134090140129709 0.0758342341030392
1.75 0.348093004352419 0.149058664218317 0.0135106630318361
1.76 0.200405617957167 -0.0278306429119495 0.0027141985468399
1.77 0.449508622834564 0.0932863522545564 0.186560434857685
1.78 0.304311921530056 0.17012812652161 -0.00527055729592324
1.79 0.298720132987382 -0.109225240851727 -0.121011346170071
1.8 0.343469671532107 0.138180737189834 0.121721995284671
1.81 0.314896992305802 0.28859883053499 0.0550271262530721
1.82 0.426213369965104 0.0381277865960511 -0.0596326952849467
1.83 0.558349140275369 0.318972695256804 0.0195825234024347
1.84 0.567888070599105 0.257002767948077 -0.0352000352159341
1.85 0.446173948492971 0.25902672679802 0.0162539260235717
1.86 0.480201494157934 0.0816563198329424 0.123572527357178
1.87 0.383893024151526 0.175727416190617 0.0291017822444818
1.88 0.173628869493874 -0.318417786757323 0.101759697045213
1.89 0.0785535754086333 -0.13823477961326 0.0281664779113074
1.9 0.127650373293448 0.13084770598551 0.127560288078594
1.91 0.630191607044237 -0.0506409294334221 0.242073278077772
1.92 0.391354369223424 0.353687054433006 -0.0416654876965927
1.93 0.101462430598825 -0.0407493755766977 0.320693619424045
1.94 0.00160204347292136 -0.0877833289788296 -0.0200339217025796
1.95 0.261472992482411 -0.115841926050134 0.00342335347935452
1.96 0.211728307931293 -0.129676969581429 -0.0515595525408077
1.97 -0.0240135663021348 -0.0401642475793198 0.0348357184168142
1.98 0.178536624264626 -0.0124511253596812 0.0490934981646738
1.99 0.310162253635391 0.404213207079532 0.0804395702388097
2 -0.0858764461562286 0.099829543346006 -0.0805979821729996
2.01 0.0825340332949294 -0.0698420841592156 -0.127789747049981
2.02 0.323164057507413 -0.191795688396789 0.214607937151409
2.03 -0.1489655382841 -0.00231550674452073 -0.0237730979904759
2.04 0.00630649303242149 0.168231129488019 -0.0435376408929995
2.05 -0.00224275811474426 -0.264970841959858 -0.0170307678712627
2.06 0.00176220492109081 0.357672730794728 0.0868399452579715
2.07 0.0570545276611013 -0.0450365447463131 0.0731436497727583
2.08 0.14599386350842 0.00888322234259236 0.0059737253127409
2.09 -0.225028609106944 -0.183235111804052 -0.114831260229921
2.1 -0.279793496677566 0.282747254730748 -0.175649491332482
2.11 0.214190584423267 0.0233463566342614 0.0564064638779791
2.12 0.108595598060334 0.0677364227783197 0.0840805953336984
2.13 0.327452758396491 0.0658435081247312 0.210089780259236
2.14 0.0348160207304662 0.0263454660926696 -0.0464191247462093
2.15 0.175110850892411 -0.0197279127320815 0.277332292272388
2.16 0.206735251146226 0.168211725454117 0.298513143438148
2.17 0.138178380519422 0.273200890336049 0.190545140587279
2.18 0.040271619240548 -0.0562881815161985 0.110538913504624
2.19 0.0783819323092061 0.0230687069924814 -0.116385290843183
2.2 0.133098274721803 0.246421293618639 0.16428545246857
2.21 0.153955710028492 -0.0528894213300818 -0.138365893713136
2.22 0.375874258625128 0.0389703715999117 -0.0284299932751309
2.23 0.0237593974340595 -0.119322744304056 -0.177924736762567
2.24 -0.0240354706628141 -0.173302756895025 -0.00431438164289479
2.25 -0.117727757629558 -0.108582144149103 -0.00318303690791823
2.26 0.000673001135919369 0.116354763616616 -0.0903595205472915
2.27 0.228187332935697 -0.0448988762322728 -0.105720605103762
2.28 0.0199550284907946 -0.107152797129108 -0.0623649137503523
2.29 0.0250749344343321 -0.0248995443658042 0.140981551003618
2.3 0.304965969089767 0.11898219627641 -0.0997695628489279
2.31 0.159577217272579 -0.262475859422101 0.0235851925887781
2.32 0.260066197264694 0.0221675402554936 0.0493881567187264
2.33 0.0434505249411489 -0.0679792113046433 0.114093468399292
2.34 0.246491072936439 0.125061228582592 0.0272866158545294
2.35 0.249133166002636 0.158844950237288 0.127150062864339
2.36 0.070760392604218 -0.184688191629753 0.0191112280771753
2.37 -0.118247075971113 0.0843542064330909 -0.0117265963796537
2.38 0.216712422955388 0.181155957038078 0.0337188813170773
2.39 0.117380757838503 0.0431058236558676 -0.02941595097902
2.4 0.205699363122198 0.0186381397249186 0.0142044685993035
