delete edged atoms 
34 atoms
37 bonds
76 angles
129 dihedrals
48 impropers

Types

1	2
2	7
3	2
4	5
5	2
6	5
7	7
8	2
9	5
10	1
11	5
12	5
13	2
14	5
15	2
16	5
17	2
18	2
19	2
20	5
21	1
22	5
23	5
24	2
25	5
26	2
27	5
28	2
29	2
30	2
31	5
32	1
33	5
34	5

Charges

1	0.0800
2	-0.2660
3	0.0800
4	0.0530
5	0.0800
6	0.0530
7	-0.2660
8	0.0800
9	0.0530
10	-0.1060
11	0.0530
12	0.0530
13	-0.0530
14	0.0530
15	-0.0530
16	0.0530
17	0.0800
18	-0.0530
19	-0.0530
20	0.0530
21	-0.1060
22	0.0530
23	0.0530
24	-0.0530
25	0.0530
26	-0.0530
27	0.0530
28	0.0800
29	-0.0530
30	-0.0530
31	0.0530
32	-0.1060
33	0.0530
34	0.0530

Coords

1	82.0826219087	71.6100924771	51.5539254301
2	82.9312557351	70.6974219985	50.8057547801
3	82.5768744306	69.7687910830	49.8036305273
4	83.4469635339	69.2005527947	49.9104213942
5	81.3903875862	68.7227867289	49.9749658791
6	81.7859043829	67.8671437995	49.4024169405
7	80.8618126009	68.3366366689	51.2545118198
8	81.4057817747	67.0407162125	51.7342177118
9	81.9177788562	66.5522185316	51.0134160874
10	80.3721148451	66.0729161209	52.2456863515
11	80.0515753400	65.2058242470	51.6494899179
12	79.4159394443	66.6750508133	52.3998697937
13	80.8569822614	65.7674969965	53.7562859199
14	80.1213829054	65.3115044893	54.3886807010
15	82.1276229971	64.9103804253	53.6641097735
16	81.9083166666	64.1335888206	52.9440884352
17	82.6761331809	64.2484861259	54.9099130253
18	83.1870599906	65.9587666694	53.3042357716
19	82.3581332707	67.2113982668	53.0033855985
20	82.8883496403	68.1691779710	53.0032204423
21	81.2760609421	67.2267598790	54.0999569376
22	80.5344495833	68.0315924372	54.0794671358
23	81.7580969472	67.3590121486	55.1239860386
24	80.4322605809	69.3394838288	48.9340491061
25	79.4655754681	68.7791002388	48.8081484235
26	80.0714145224	70.8612237845	48.8720911904
27	79.4264612529	70.7218599174	47.9778381295
28	79.2478436873	71.9965223631	49.5374409953
29	81.4021316194	71.5983285874	48.4620643806
30	82.3489732491	70.4219830196	48.3221274924
31	83.2368706415	70.5142560849	47.7495972069
32	81.4001350948	69.3471645381	47.7612671850
33	81.8211263215	68.3712727875	47.6043027073
34	80.9415009399	69.5582914999	46.7985697746

Bonds

1	9	1	2
2	9	3	2
3	5	3	5
4	5	3	30
5	7	3	4
6	5	5	24
7	9	5	7
8	7	5	6
9	9	8	7
10	2	10	8
11	5	8	19
12	7	8	9
13	2	10	13
14	4	10	11
15	4	10	12
16	5	13	15
17	2	21	13
18	7	13	14
19	5	15	17
20	5	15	18
21	7	15	16
22	5	18	19
23	2	21	19
24	7	19	20
25	4	21	22
26	4	21	23
27	5	24	26
28	2	32	24
29	7	24	25
30	5	26	28
31	5	26	29
32	7	26	27
33	5	29	30
34	2	32	30
35	7	30	31
36	4	32	33
37	4	32	34

Angles

1	24	1	2	3
2	18	5	3	2
3	18	30	3	2
4	33	4	3	2
5	14	3	5	24
6	18	3	5	7
7	16	3	5	6
8	14	3	30	29
9	4	32	30	3
10	16	3	30	31
11	16	5	3	4
12	16	30	3	4
13	14	5	3	30
14	14	5	24	26
15	4	32	24	5
16	16	5	24	25
17	24	5	7	8
18	16	24	5	6
19	33	6	5	7
20	18	24	5	7
21	7	10	8	7
22	18	19	8	7
23	33	9	8	7
24	11	8	10	13
25	13	8	10	11
26	13	8	10	12
27	14	8	19	18
28	4	21	19	8
29	16	8	19	20
30	5	10	8	9
31	16	19	8	9
32	4	10	8	19
33	4	10	13	15
34	3	10	13	21
35	5	10	13	14
36	13	13	10	11
37	31	11	10	12
38	13	13	10	12
39	14	13	15	17
40	14	13	15	18
41	16	13	15	16
42	11	13	21	19
43	13	13	21	22
44	13	13	21	23
45	16	15	13	14
46	5	21	13	14
47	4	21	13	15
48	14	15	18	19
49	16	17	15	16
50	16	18	15	16
51	14	17	15	18
52	4	21	19	18
53	16	18	19	20
54	13	19	21	22
55	13	19	21	23
56	5	21	19	20
57	31	22	21	23
58	14	24	26	28
59	14	24	26	29
60	16	24	26	27
61	11	24	32	30
62	13	24	32	33
63	13	24	32	34
64	16	26	24	25
65	5	32	24	25
66	4	32	24	26
67	14	26	29	30
68	16	28	26	27
69	16	29	26	27
70	14	28	26	29
71	4	32	30	29
72	16	29	30	31
73	13	30	32	33
74	13	30	32	34
75	5	32	30	31
76	31	33	32	34

Dihedrals

1	40	5	3	2	1
2	40	30	3	2	1
3	46	1	2	3	4
4	34	24	5	3	2
5	67	2	3	5	7
6	61	6	5	3	2
7	34	29	30	3	2
8	11	32	30	3	2
9	61	31	30	3	2
10	30	3	5	24	26
11	7	32	24	5	3
12	32	3	5	24	25
13	40	3	5	7	8
14	30	3	30	29	26
15	21	24	32	30	3
16	29	3	30	32	33
17	29	3	30	32	34
18	32	24	5	3	4
19	61	4	3	5	7
20	59	4	3	5	6
21	32	29	30	3	4
22	9	32	30	3	4
23	59	4	3	30	31
24	30	5	3	30	29
25	7	32	30	3	5
26	32	5	3	30	31
27	30	5	24	26	28
28	30	5	24	26	29
29	32	5	24	26	27
30	21	30	32	24	5
31	29	5	24	32	33
32	29	5	24	32	34
33	14	10	8	7	5
34	40	19	8	7	5
35	46	5	7	8	9
36	32	30	3	5	6
37	32	26	24	5	6
38	9	32	24	5	6
39	59	6	5	24	25
40	46	8	7	5	6
41	34	30	3	5	7
42	34	26	24	5	7
43	11	32	24	5	7
44	61	25	24	5	7
45	24	13	10	8	7
46	56	11	10	8	7
47	56	12	10	8	7
48	34	18	19	8	7
49	11	21	19	8	7
50	61	20	19	8	7
51	40	24	5	7	8
52	21	8	10	13	15
53	4	21	13	10	8
54	22	8	10	13	14
55	30	8	19	18	15
56	21	13	21	19	8
57	29	8	19	21	22
58	29	8	19	21	23
59	22	13	10	8	9
60	54	11	10	8	9
61	54	12	10	8	9
62	32	18	19	8	9
63	9	21	19	8	9
64	59	9	8	19	20
65	7	10	8	19	18
66	6	10	8	19	21
67	9	10	8	19	20
68	7	10	13	15	17
69	7	10	13	15	18
70	9	10	13	15	16
71	4	10	13	21	19
72	5	10	13	21	22
73	5	10	13	21	23
74	29	19	8	10	11
75	29	15	13	10	11
76	5	21	13	10	11
77	54	11	10	13	14
78	29	19	8	10	12
79	29	15	13	10	12
80	5	21	13	10	12
81	54	12	10	13	14
82	21	13	10	8	19
83	30	13	15	18	19
84	21	13	21	19	18
85	22	13	21	19	20
86	32	17	15	13	14
87	32	18	15	13	14
88	59	14	13	15	16
89	22	19	21	13	14
90	54	22	21	13	14
91	54	23	21	13	14
92	21	19	21	13	15
93	29	15	13	21	22
94	29	15	13	21	23
95	7	21	19	18	15
96	32	15	18	19	20
97	9	21	13	15	16
98	32	19	18	15	16
99	7	21	13	15	17
100	30	17	15	18	19
101	29	18	19	21	22
102	29	18	19	21	23
103	7	21	13	15	18
104	54	22	21	19	20
105	54	23	21	19	20
106	30	24	5	3	30
107	30	24	26	29	30
108	21	24	32	30	29
109	22	24	32	30	31
110	32	28	26	24	25
111	32	29	26	24	25
112	59	25	24	26	27
113	22	30	32	24	25
114	54	33	32	24	25
115	54	34	32	24	25
116	21	30	32	24	26
117	29	26	24	32	33
118	29	26	24	32	34
119	7	32	30	29	26
120	32	26	29	30	31
121	9	32	24	26	27
122	32	30	29	26	27
123	7	32	24	26	28
124	30	28	26	29	30
125	29	29	30	32	33
126	29	29	30	32	34
127	7	32	24	26	29
128	54	33	32	30	31
129	54	34	32	30	31

Impropers

1	23	5	3	30	2
2	28	5	3	4	2
3	28	30	3	4	2
4	21	5	3	30	4
5	23	3	5	24	7
6	21	3	5	24	6
7	31	3	5	7	6
8	31	24	5	7	6
9	12	10	8	19	7
10	14	10	8	9	7
11	28	19	8	9	7
12	11	10	8	19	9
13	4	8	10	13	11
14	4	8	10	13	12
15	6	8	10	11	12
16	6	13	10	11	12
17	8	21	13	10	15
18	11	10	13	15	14
19	9	10	13	21	14
20	13	21	13	14	15
21	19	13	15	17	18
22	21	13	15	17	16
23	21	13	15	18	16
24	21	17	15	18	16
25	10	21	19	8	18
26	13	21	19	20	18
27	21	18	19	8	20
28	11	21	19	8	20
29	4	19	21	13	22
30	4	19	21	13	23
31	6	19	21	22	23
32	6	13	21	22	23
33	10	32	24	5	26
34	21	5	24	26	25
35	13	32	24	25	5
36	13	32	24	25	26
37	19	24	26	28	29
38	21	24	26	28	27
39	21	24	26	29	27
40	21	28	26	29	27
41	10	32	30	3	29
42	13	32	30	31	29
43	21	29	30	3	31
44	11	32	30	3	31
45	4	30	32	24	33
46	4	30	32	24	34
47	6	30	32	33	34
48	6	24	32	33	34