# Fix print output for fix def1
-5.65930574028011e-16 0.669356358414378 0.338285369876192 0.234668394015834
0.00999999999999947 -0.0910622853880456 -0.441743988529447 -0.355868250450658
0.0199999999999995 0.122567459299467 0.0644202197771828 -0.0476390368300648
0.0299999999999995 0.0820570518411728 0.123196518366549 -0.122973679471631
0.0399999999999996 0.339182614421088 0.0654376126735485 0.0724665241523991
0.0499999999999994 0.182701982316431 0.329832247196724 -0.265068771837758
0.0599999999999994 -0.131866385337777 0.0773025324400964 -0.00615814132014497
0.0699999999999995 0.0635760154209063 0.0903410178968583 -0.00599886484536201
0.0799999999999995 0.265724898831529 -0.287658433325535 0.145607957283264
0.0899999999999995 0.0872634180667716 -0.159216334945027 -0.0572556314018513
0.0999999999999994 0.00287676342107902 -0.133676951384095 -0.349542130388488
0.109999999999999 0.430782586269846 0.376277686708023 0.145183178047998
0.119999999999999 0.192588624927178 0.0853690751203436 0.0272499227068522
0.129999999999999 0.170966877714649 -0.133705607248669 -0.0619705171092885
0.14 0.263756311297838 0.126252163161432 0.045463159641449
0.149999999999999 0.169699432049679 0.0757181779030698 0.024776083052132
0.159999999999999 0.364691802145022 0.0375449077829726 0.212199239112832
0.169999999999999 0.514980517728657 0.117182715136983 -0.165141008752556
0.179999999999999 -0.0754804829722212 -0.0777940735661986 -0.0619832388767567
0.189999999999999 0.250488676884643 0.170093215687994 0.0386875559789819
0.199999999999999 0.434110722878384 0.0210959689165355 -0.0900599941675621
0.209999999999999 -0.0425160912251614 -0.206561727136641 -0.217387705375721
0.219999999999999 0.453915331246968 0.236672718787458 0.158259955077924
0.229999999999999 0.316295131711587 -0.121509819342253 0.0381441836512439
0.239999999999999 0.24461119378193 -0.269620597939703 0.0357561674032079
0.249999999999999 0.245374667890412 0.148526556909664 -0.276750439438968
0.259999999999999 0.102978746352897 -0.258292939564054 -0.0545942532430473
0.269999999999999 0.268654206219475 -0.127044138747502 -0.225270758424311
0.279999999999999 0.269544939707568 0.223073664789584 0.413371731918852
0.289999999999999 0.280952760341001 -0.0715332100864499 0.076517934401145
0.299999999999999 -0.037848119237304 -0.183552017027699 -0.299059042223483
0.309999999999999 0.367977654529501 -0.188724310830132 0.15955756956406
0.319999999999999 0.338848155541226 -0.170340636508671 -0.0524822939268735
0.329999999999999 -0.293623057632486 0.0427560139450361 -0.107386422451161
0.339999999999999 0.0455633300928579 -0.203021251085051 0.102125293411988
0.349999999999999 0.25930786983578 0.0525864675322779 0.304847813624019
0.359999999999999 0.426226127965555 0.077770294411864 0.177939418751073
0.369999999999999 0.114556483844044 -0.202975112427203 0.0133024729795291
0.379999999999999 0.298711381263011 -0.214091330886619 0.178458403571488
0.389999999999999 0.288457047870363 0.125409857635466 0.387962558138847
0.399999999999999 0.105423776774404 0.0940404105048787 -0.0755813954867251
0.409999999999999 0.122684969186813 -0.122182122635647 -0.205067829332897
0.419999999999999 0.458659876715662 -0.137159920929027 -0.0259770063362475
0.429999999999999 0.209991134277514 0.00254560887024422 0.161262963218645
0.439999999999999 0.0328091642443617 -0.179684362026266 -0.18436309255866
0.449999999999999 0.155989871008746 -0.201682080268915 -0.1418516905465
0.459999999999999 0.447619325280581 0.149588972727529 0.216301042523243
0.469999999999999 0.523513161699586 0.0542826826773322 0.146840907864447
0.479999999999999 0.0655248534941542 -0.245368653153653 0.121559051479328
0.489999999999999 0.194410248911335 -0.0648294549373593 -0.0052706878269558
0.499999999999999 -0.0440357016225622 -0.11477260972564 -0.0424339126258773
0.509999999999999 0.0898044261430146 -0.005799686293758 0.0380116187169164
0.519999999999999 -0.00282936111903619 -0.199564418735317 0.0258863416604077
0.529999999999999 0.23930504190002 0.263746097476759 0.0798022696043734
0.539999999999999 0.117581306020805 -0.179007614176767 -0.0387658430376961
0.549999999999999 0.460638654300304 0.12345632551079 -0.170302521849675
0.559999999999999 0.119239923656429 -0.0873134290419326 -0.0665237380425175
0.569999999999999 0.000868736751842133 0.0833305023175789 0.047809117250059
0.579999999999999 0.406700321510448 -0.0408004880748586 0.159550235904318
0.589999999999999 0.214531772463565 0.0405796987354279 -0.104565809380794
0.599999999999999 0.0470199443950472 0.206571323102858 0.0320549164924537
0.609999999999999 0.507878998936298 -0.0938884809328793 -0.18054247123645
0.619999999999999 0.281701427756732 -0.177310274832313 -0.228176653431432
0.629999999999999 -0.0744797654531301 -0.207633319201398 -0.185593644272539
0.639999999999999 0.326834124744158 -0.273774090579148 -0.105971201054413
0.649999999999999 0.070526644107343 -0.187725662426192 0.16152578465535
0.659999999999999 0.248433674977983 -0.147949843668687 0.0542987700535768
0.669999999999999 0.188129763488173 0.00153993259969298 -0.227460514556055
0.679999999999999 0.199641364954434 -0.138127429039923 0.00507538460781083
0.689999999999999 0.483284419552368 -0.1029504499185 -0.00243936545053989
0.699999999999999 0.102156677918321 0.123280789377363 -0.345251222031289
0.709999999999999 0.115265015909337 0.0894648575170955 -0.023658455630212
0.719999999999999 0.424304240213914 -0.139982019880043 -0.117634222241701
0.729999999999999 0.144192546120532 0.00537239992318808 0.22355971964225
0.739999999999999 0.166713892206376 -0.0405617210446095 0.00791670131981796
0.749999999999999 0.136223447404506 -0.202484961611673 0.190316118851693
0.759999999999999 0.18579318606316 0.0455752166507556 0.0833773142634889
0.769999999999999 0.157832722882997 -0.0894284803667474 0.0905912868343453
0.779999999999999 0.362667106165271 -0.166717350980932 -0.0845667353091058
0.789999999999999 0.397895204263888 -0.042723446861098 0.163090356498357
0.799999999999999 0.433090128958969 0.0471308820565521 -0.0360004255940979
0.809999999999999 0.258730838268256 0.00541521532112961 -0.0687082944834679
0.819999999999999 0.373042968013401 0.113414964629067 0.216427679399777
0.829999999999999 0.130731676473661 0.0183431181988201 -0.0729031838049191
0.839999999999999 0.284283869280142 0.102393690677515 0.0116800779452522
0.849999999999999 0.252083166647796 0.0948359417975663 0.273161146678717
0.859999999999999 0.480202978529613 0.0288887842268681 0.248291685701783
0.869999999999999 0.343164275087094 0.152133418309489 -0.0760855190839028
0.879999999999999 0.141612609124575 0.160693776927801 -0.0960904248634015
0.889999999999999 0.229082885228505 -0.22604314155951 -0.117818818823012
0.899999999999999 0.216138782299225 -0.0742019578300146 -0.0735620054048239
0.909999999999999 0.36445358587382 -0.109716814557552 -0.0450218646728083
0.919999999999999 0.032982744409977 0.207723504841904 0.114837180926013
0.929999999999999 0.013743993212504 0.116495423314883 -0.116108683869028
0.939999999999999 0.348029314001397 -0.134235965454047 -0.199802876695779
0.949999999999999 0.388439258339027 0.084586029607209 0.0184267772341968
0.959999999999999 0.324850687529836 0.055015282514301 -0.14083219437847
0.969999999999999 0.299453288486659 -0.0195984744331097 0.0673612127591524
0.979999999999999 0.300453162732073 0.130772484896962 0.100962844761582
0.989999999999999 0.251794721758749 -0.089666944784497 -0.0325456358624034
0.999999999999999 0.423785864406621 0.213274701990791 0.229230222270481
1.01 0.472187467770025 -0.208903357612957 0.034942360225402
1.02 0.328877738049057 -0.106148141905528 0.105045513530175
1.03 0.291073678585044 -0.199984375495663 -0.250570275127617
1.04 0.319120604079678 -0.107781943852389 0.104630531539498
1.05 0.291146535332562 -0.19991394043664 0.0164263717409702
1.06 0.233508498829349 0.119922427419274 -0.0911163668526165
1.07 0.259369349601294 -0.139918623523184 0.0591438717328629
1.08 0.547778700327202 0.148626634780655 -0.196493886595718
1.09 0.390377526994467 -0.0722000479947443 0.0975892642153412
1.1 0.402118535332952 -0.0724559193867564 0.0155826193620262
1.11 0.572199550892173 0.0686774142369617 0.0578753213010124
1.12 0.427937883649304 -0.146834401046833 -0.0447721133422004
1.13 0.759041653206743 -0.0613383236016147 0.12883998213176
1.14 0.633790516813236 0.102819769046824 0.0213031123125884
1.15 0.61744502392085 -0.0355263994512395 -0.14931161652237
1.16 0.752729961673556 0.0177063812989684 0.142252642930627
1.17 0.660734505549749 -0.175901368499208 -0.170382972363553
1.18 0.474269989325517 -0.0512144008202109 -0.0235827145295129
1.19 0.65156534094484 -0.0878637929908244 -0.035222633152566
1.2 0.383310748408022 0.311291636073771 0.129150096473648
1.21 0.698879775354249 -0.049503768600912 0.0863838637914267
1.22 0.257151769997503 -0.140606144260214 -0.0157673978024712
1.23 0.757463236469017 -0.149989934994616 0.135014567819877
1.24 0.728834225726241 0.0124300154834929 0.0968015172956839
1.25 0.604057866909734 -0.155629416572695 -0.124121439520325
1.26 0.754187846554214 0.147399730883456 0.00188144492824437
1.27 0.618190916874796 0.176481302104032 -0.0248480925062706
1.28 0.517350840631588 0.100837181727789 0.0184093390424929
1.29 1.04050011962984 0.1247029393379 0.345226459788716
1.3 0.982269981761115 -0.119916795892012 -0.400664023026674
1.31 0.707347309366396 0.225016544115388 -0.0986437922215824
1.32 0.862266022362892 -0.0479391450858147 -0.337410496725767
1.33 0.467788798334237 0.0516078898955522 -0.0785309890764813
1.34 0.832363913398466 -0.0904761078711655 -0.0160174687476951
