delete edged atoms 
24 atoms
23 bonds
40 angles
48 dihedrals
24 impropers

Types

1	2
2	7
3	1
4	5
5	5
6	1
7	5
8	5
9	1
10	5
11	5
12	7
13	1
14	1
15	7
16	1
17	5
18	5
19	3
20	5
21	6
22	1
23	5
24	5

Charges

1	0.0800
2	-0.2660
3	0.0270
4	0.0530
5	0.0530
6	-0.1060
7	0.0530
8	0.0530
9	0.0270
10	0.0530
11	0.0530
12	-0.2660
13	0.0270
14	0.0270
15	-0.2660
16	0.0270
17	0.0530
18	0.0530
19	0.0800
20	0.0530
21	-0.2660
22	0.0270
23	0.0530
24	0.0530

Coords

1	8.4638785844	11.7514654941	12.3574945660
2	7.2743795762	10.9561504762	12.0245805619
3	6.1981544851	10.6360154076	12.9665043054
4	5.6087212745	11.4935354800	13.2777452051
5	6.7440300899	10.2031651403	13.7866706535
6	5.1822007850	9.6783915685	12.4588555143
7	4.2554956794	9.4757366917	13.1725774863
8	4.7552225078	10.1383489831	11.5411670115
9	5.7486522173	8.2611761783	12.0858132919
10	6.1839752036	7.8127151345	13.0398784807
11	6.4120403974	8.5285891605	11.2824288979
12	4.5949127840	7.6468870812	11.6008984780
13	4.5835413328	6.3844178931	10.8942551076
14	20.3772668004	15.9050365446	21.4693901569
15	19.0217094248	15.6569311708	21.0929472601
16	18.7631746531	15.4708801634	19.7062634137
17	19.6293678100	15.5119327914	19.0578214082
18	18.2298472432	16.4231726629	19.4136080390
19	17.8328918508	14.3053430893	19.3175233137
20	17.6280482346	14.2258600867	18.2527377459
21	16.7650924554	14.3058897044	20.2707719332
22	17.5825185466	13.1587092514	20.1938040488
23	17.0298520248	12.1289141746	20.0070301933
24	18.1577935904	13.0438231063	21.0746144378

Bonds

1	9	1	2
2	6	3	2
3	1	3	6
4	4	3	4
5	4	3	5
6	1	6	9
7	4	6	7
8	4	6	8
9	6	9	12
10	4	9	10
11	4	9	11
12	6	13	12
13	6	14	15
14	6	16	15
15	3	16	19
16	4	16	17
17	4	16	18
18	11	19	21
19	10	19	20
20	3	22	19
21	5	22	21
22	4	22	23
23	4	22	24

Angles

1	13	3	2	1
2	4	6	3	2
3	23	4	3	2
4	23	5	3	2
5	1	3	6	9
6	3	3	6	7
7	3	3	6	8
8	3	6	3	4
9	21	4	3	5
10	3	6	3	5
11	4	6	9	12
12	3	6	9	10
13	3	6	9	11
14	3	9	6	7
15	21	7	6	8
16	3	9	6	8
17	12	9	12	13
18	23	10	9	12
19	21	10	9	11
20	23	11	9	12
21	12	14	15	16
22	20	19	16	15
23	23	17	16	15
24	23	18	16	15
25	10	16	19	21
26	9	16	19	20
27	8	16	19	22
28	18	19	16	17
29	21	17	16	18
30	18	19	16	18
31	11	22	21	19
32	19	19	22	21
33	18	19	22	23
34	18	19	22	24
35	26	20	19	21
36	9	22	19	20
37	10	22	19	21
38	22	23	22	21
39	22	24	22	21
40	21	23	22	24

Dihedrals

1	8	6	3	2	1
2	24	1	2	3	4
3	24	1	2	3	5
4	4	9	6	3	2
5	28	7	6	3	2
6	28	8	6	3	2
7	4	3	6	9	12
8	3	3	6	9	10
9	3	3	6	9	11
10	3	9	6	3	4
11	27	4	3	6	7
12	27	4	3	6	8
13	3	9	6	3	5
14	27	5	3	6	7
15	27	5	3	6	8
16	7	6	9	12	13
17	28	7	6	9	12
18	27	7	6	9	10
19	27	7	6	9	11
20	28	8	6	9	12
21	27	8	6	9	10
22	27	8	6	9	11
23	20	13	12	9	10
24	20	13	12	9	11
25	19	14	15	16	19
26	20	14	15	16	17
27	20	14	15	16	18
28	37	21	19	16	15
29	36	20	19	16	15
30	15	22	19	16	15
31	16	16	19	21	22
32	14	16	19	22	21
33	13	16	19	22	23
34	13	16	19	22	24
35	32	17	16	19	21
36	31	17	16	19	20
37	13	22	19	16	17
38	32	18	16	19	21
39	31	18	16	19	20
40	13	22	19	16	18
41	25	19	21	22	23
42	25	19	21	22	24
43	17	22	21	19	20
44	35	20	19	22	21
45	31	23	22	19	20
46	31	24	22	19	20
47	32	23	22	19	21
48	32	24	22	19	21

Impropers

1	5	6	3	4	2
2	5	6	3	5	2
3	16	4	3	5	2
4	4	6	3	4	5
5	1	3	6	9	7
6	1	3	6	9	8
7	4	3	6	7	8
8	4	9	6	7	8
9	6	6	9	12	10
10	6	6	9	12	11
11	4	6	9	10	11
12	16	10	9	11	12
13	13	19	16	17	15
14	13	19	16	18	15
15	16	17	16	18	15
16	11	19	16	17	18
17	24	16	19	21	20
18	23	22	19	16	21
19	22	22	19	16	20
20	24	22	19	21	20
21	12	19	22	23	21
22	12	19	22	24	21
23	15	23	22	24	21
24	11	19	22	23	24