delete edged atoms 
42 atoms
41 bonds
76 angles
105 dihedrals
48 impropers

Types

1	1
2	5
3	1
4	3
5	3
6	1
7	1
8	3
9	3
10	1
11	3
12	3
13	3
14	1
15	3
16	3
17	5
18	1
19	1
20	3
21	3
22	5
23	1
24	3
25	3
26	1
27	1
28	3
29	3
30	5
31	1
32	1
33	3
34	3
35	1
36	3
37	3
38	3
39	1
40	3
41	3
42	3

Charges

1	0.0270
2	-0.2660
3	0.0270
4	0.0530
5	0.0530
6	0.0000
7	-0.1060
8	0.0530
9	0.0530
10	-0.1590
11	0.0530
12	0.0530
13	0.0530
14	0.0270
15	0.0530
16	0.0530
17	-0.2660
18	0.0270
19	0.0270
20	0.0530
21	0.0530
22	-0.2660
23	0.0270
24	0.0530
25	0.0530
26	0.0000
27	0.0270
28	0.0530
29	0.0530
30	-0.2660
31	0.0270
32	-0.1060
33	0.0530
34	0.0530
35	-0.1590
36	0.0530
37	0.0530
38	0.0530
39	-0.1590
40	0.0530
41	0.0530
42	0.0530

Coords

1	9.5714028534	17.2423689780	6.4963793934
2	10.6880885000	17.0072228930	7.3268390663
3	11.8897876750	17.4534940081	6.7260377689
4	12.0864248170	17.0757038995	5.6358356184
5	11.9336063540	18.5463274735	6.7007335988
6	13.1178453407	17.0078462497	7.6634215323
7	12.6747893788	17.4116961488	9.1300823072
8	12.2629024592	18.4541665572	9.0680148010
9	11.8521218811	16.7630260956	9.4111105416
10	13.7512678301	17.3086853959	10.2524832380
11	14.6832627657	17.6950256416	9.7702268192
12	13.5588955437	17.9931424096	11.0825924318
13	13.9222391261	16.2953516165	10.5601030409
14	14.4889800839	17.8488274065	7.3277895235
15	15.3389872606	17.1711528220	7.3678737280
16	14.6735826423	18.5661991736	8.1919550567
17	14.4466967228	18.5012371657	6.0708283366
18	14.3700654236	19.8769378768	6.1709719770
19	13.4808141852	15.4918084114	7.4131925289
20	14.0118253464	15.5099106458	6.5069432180
21	14.2228503211	15.2179133735	8.2049107560
22	12.4217779594	14.5728146027	7.4035755293
23	12.7179226061	13.2380100413	7.1309535478
24	12.3867403614	12.6258077706	8.0301940777
25	13.8408242419	13.1090139754	7.1565968641
26	11.9632965128	12.7265481765	5.8066245937
27	11.7073618890	11.2490126327	5.9486278590
28	11.3898177818	10.7949219805	5.0037182223
29	12.6902106853	10.7246276059	5.9813806339
30	10.8952619423	10.8651555864	7.0593566875
31	11.6330148121	10.1079304916	8.0975667346
32	13.1164463818	12.9132435850	4.6818483394
33	13.6870112090	13.8535934036	4.7423466768
34	13.8593664837	12.0787662095	4.8856643929
35	12.6350286192	12.7142170969	3.1950613514
36	11.8542422215	13.3685674584	2.8111922770
37	12.0658791976	11.7495572527	3.2582747992
38	13.5762076809	12.5747889790	2.5215095078
39	10.7919363453	13.6109305544	5.4761599157
40	10.0036569729	13.4484181102	6.2199370137
41	11.1790639454	14.6324217205	5.2953625119
42	10.3358671404	13.1455347353	4.5737897179

Bonds

1	4	1	2
2	4	3	2
3	1	3	6
4	2	3	4
5	2	3	5
6	1	6	19
7	1	6	7
8	1	6	14
9	1	7	10
10	2	7	8
11	2	7	9
12	2	10	11
13	2	10	12
14	2	10	13
15	4	14	17
16	2	14	15
17	2	14	16
18	4	18	17
19	4	19	22
20	2	19	20
21	2	19	21
22	4	23	22
23	1	23	26
24	2	23	24
25	2	23	25
26	1	26	39
27	1	26	27
28	1	26	32
29	4	27	30
30	2	27	28
31	2	27	29
32	4	31	30
33	1	32	35
34	2	32	33
35	2	32	34
36	2	35	36
37	2	35	37
38	2	35	38
39	2	39	40
40	2	39	41
41	2	39	42

Angles

1	7	1	2	3
2	4	6	3	2
3	11	4	3	2
4	11	5	3	2
5	1	3	6	19
6	1	3	6	7
7	1	3	6	14
8	2	6	3	4
9	9	4	3	5
10	2	6	3	5
11	4	6	19	22
12	2	6	19	20
13	2	6	19	21
14	1	6	7	10
15	2	6	7	8
16	2	6	7	9
17	4	6	14	17
18	2	6	14	15
19	2	6	14	16
20	1	7	6	19
21	1	7	6	14
22	2	7	10	11
23	2	7	10	12
24	2	7	10	13
25	2	10	7	8
26	9	8	7	9
27	2	10	7	9
28	9	11	10	12
29	9	11	10	13
30	9	12	10	13
31	1	14	6	19
32	7	14	17	18
33	11	15	14	17
34	9	15	14	16
35	11	16	14	17
36	7	19	22	23
37	11	20	19	22
38	9	20	19	21
39	11	21	19	22
40	4	26	23	22
41	11	24	23	22
42	11	25	23	22
43	1	23	26	39
44	1	23	26	27
45	1	23	26	32
46	2	26	23	24
47	9	24	23	25
48	2	26	23	25
49	2	26	39	40
50	2	26	39	41
51	2	26	39	42
52	4	26	27	30
53	2	26	27	28
54	2	26	27	29
55	1	26	32	35
56	2	26	32	33
57	2	26	32	34
58	1	27	26	39
59	1	27	26	32
60	7	27	30	31
61	11	28	27	30
62	9	28	27	29
63	11	29	27	30
64	1	32	26	39
65	2	32	35	36
66	2	32	35	37
67	2	32	35	38
68	2	35	32	33
69	9	33	32	34
70	2	35	32	34
71	9	36	35	37
72	9	36	35	38
73	9	37	35	38
74	9	40	39	41
75	9	40	39	42
76	9	41	39	42

Dihedrals

1	7	6	3	2	1
2	10	1	2	3	4
3	10	1	2	3	5
4	4	19	6	3	2
5	4	7	6	3	2
6	4	14	6	3	2
7	4	3	6	19	22
8	2	3	6	19	20
9	2	3	6	19	21
10	1	3	6	7	10
11	2	3	6	7	8
12	2	3	6	7	9
13	4	3	6	14	17
14	2	3	6	14	15
15	2	3	6	14	16
16	2	19	6	3	4
17	2	7	6	3	4
18	2	14	6	3	4
19	2	19	6	3	5
20	2	7	6	3	5
21	2	14	6	3	5
22	7	6	19	22	23
23	2	6	7	10	11
24	2	6	7	10	12
25	2	6	7	10	13
26	7	6	14	17	18
27	4	7	6	19	22
28	2	7	6	19	20
29	2	7	6	19	21
30	4	7	6	14	17
31	2	7	6	14	15
32	2	7	6	14	16
33	2	19	6	7	8
34	2	14	6	7	8
35	12	8	7	10	11
36	12	8	7	10	12
37	12	8	7	10	13
38	2	19	6	7	9
39	2	14	6	7	9
40	12	9	7	10	11
41	12	9	7	10	12
42	12	9	7	10	13
43	1	10	7	6	19
44	1	10	7	6	14
45	4	14	6	19	22
46	2	14	6	19	20
47	2	14	6	19	21
48	2	19	6	14	15
49	10	18	17	14	15
50	2	19	6	14	16
51	10	18	17	14	16
52	4	19	6	14	17
53	7	26	23	22	19
54	10	19	22	23	24
55	10	19	22	23	25
56	10	23	22	19	20
57	10	23	22	19	21
58	4	39	26	23	22
59	4	27	26	23	22
60	4	32	26	23	22
61	2	23	26	39	40
62	2	23	26	39	41
63	2	23	26	39	42
64	4	23	26	27	30
65	2	23	26	27	28
66	2	23	26	27	29
67	1	23	26	32	35
68	2	23	26	32	33
69	2	23	26	32	34
70	2	39	26	23	24
71	2	27	26	23	24
72	2	32	26	23	24
73	2	39	26	23	25
74	2	27	26	23	25
75	2	32	26	23	25
76	7	26	27	30	31
77	2	26	32	35	36
78	2	26	32	35	37
79	2	26	32	35	38
80	2	27	26	39	40
81	2	27	26	39	41
82	2	27	26	39	42
83	1	27	26	32	35
84	2	27	26	32	33
85	2	27	26	32	34
86	2	39	26	27	28
87	2	32	26	27	28
88	10	31	30	27	28
89	2	39	26	27	29
90	2	32	26	27	29
91	10	31	30	27	29
92	4	39	26	27	30
93	4	32	26	27	30
94	2	32	26	39	40
95	2	32	26	39	41
96	2	32	26	39	42
97	2	39	26	32	33
98	12	33	32	35	36
99	12	33	32	35	37
100	12	33	32	35	38
101	2	39	26	32	34
102	12	34	32	35	36
103	12	34	32	35	37
104	12	34	32	35	38
105	1	35	32	26	39

Impropers

1	5	6	3	4	2
2	5	6	3	5	2
3	11	4	3	5	2
4	3	6	3	4	5
5	1	3	6	19	7
6	1	3	6	19	14
7	1	3	6	7	14
8	1	19	6	7	14
9	2	6	7	10	8
10	2	6	7	10	9
11	3	6	7	8	9
12	3	10	7	8	9
13	3	7	10	11	12
14	3	7	10	11	13
15	3	7	10	12	13
16	9	11	10	12	13
17	7	6	14	17	15
18	7	6	14	17	16
19	3	6	14	15	16
20	11	15	14	16	17
21	7	6	19	22	20
22	7	6	19	22	21
23	3	6	19	20	21
24	11	20	19	21	22
25	5	26	23	24	22
26	5	26	23	25	22
27	11	24	23	25	22
28	3	26	23	24	25
29	1	23	26	39	27
30	1	23	26	39	32
31	1	23	26	27	32
32	1	39	26	27	32
33	7	26	27	30	28
34	7	26	27	30	29
35	3	26	27	28	29
36	11	28	27	29	30
37	2	26	32	35	33
38	2	26	32	35	34
39	3	26	32	33	34
40	3	35	32	33	34
41	3	32	35	36	37
42	3	32	35	36	38
43	3	32	35	37	38
44	9	36	35	37	38
45	3	26	39	40	41
46	3	26	39	40	42
47	3	26	39	41	42
48	9	40	39	41	42