Mody lammps parameter 2023-03-10 22:53:48.582526
74 atoms
85 bonds
186 angles
348 dihedrals
120 impropers

Types

1 8
2 4
3 2
4 5
5 2
6 5
7 7
8 2
9 5
10 2
11 5
12 7
13 2
14 5
15 1
16 5
17 5
18 2
19 5
20 2
21 5
22 2
23 5
24 6
25 2
26 5
27 1
28 5
29 5
30 2
31 5
32 2
33 5
34 1
35 5
36 5
37 1
38 5
39 5
40 2
41 5
42 2
43 5
44 1
45 5
46 5
47 2
48 5
49 2
50 5
51 2
52 5
53 6
54 2
55 5
56 1
57 5
58 5
59 2
60 5
61 2
62 5
63 1
64 5
65 5
66 2
67 5
68 2
69 5
70 2
71 5
72 6
73 2
74 5

Charges

1 -0.5571
2 0.4241
3 0.0800
4 0.0530
5 0.0800
6 0.0530
7 -0.2660
8 0.0800
9 0.0530
10 0.0800
11 0.0530
12 -0.2660
13 0.0800
14 0.0530
15 -0.1060
16 0.0530
17 0.0530
18 -0.0530
19 0.0530
20 -0.0530
21 0.0530
22 0.0800
23 0.0530
24 -0.2660
25 0.0800
26 0.0530
27 -0.1060
28 0.0530
29 0.0530
30 -0.0530
31 0.0530
32 -0.0530
33 0.0530
34 -0.1060
35 0.0530
36 0.0530
37 -0.1060
38 0.0530
39 0.0530
40 -0.0530
41 0.0530
42 -0.0530
43 0.0530
44 -0.1060
45 0.0530
46 0.0530
47 -0.0530
48 0.0530
49 0.0800
50 0.0530
51 0.0800
52 0.0530
53 -0.2660
54 -0.0530
55 0.0530
56 -0.1060
57 0.0530
58 0.0530
59 -0.0530
60 0.0530
61 -0.0530
62 0.0530
63 -0.1060
64 0.0530
65 0.0530
66 -0.0530
67 0.0530
68 0.0800
69 0.0530
70 0.0800
71 0.0530
72 -0.2660
73 -0.0530
74 0.0530

Coords

1 0.8207884567 8.2278338236 12.7054201574
2 0.7247932083 8.3340815290 11.7677935457
3 1.9699539064 8.9836873379 13.1388803575
4 1.9177918236 9.8691740640 12.4556574419
5 2.2281527153 9.4019604006 14.5745789993
6 1.5481075684 10.1922957856 14.9501903864
7 2.0419465398 8.1725734048 15.2858251008
8 2.1337343599 7.8612843024 16.6664732054
9 1.5804105155 6.9498013136 16.5763134989
10 1.1710490764 8.5641184236 17.6596405531
11 0.5963815325 7.9432682776 18.3253516103
12 0.1822291472 9.3842596249 17.0243924152
13 -0.3912757264 10.3720390691 17.7975300382
14 -0.2968099527 10.0987779084 18.9220113426
15 -1.8038311732 10.9235484986 17.7061450657
16 -2.7308918456 10.3190105098 17.8432817016
17 -1.8378305669 11.2133326122 16.6060077407
18 -1.5241520036 12.2854095125 18.4367976473
19 -2.3441297395 12.7906048848 18.9258051120
20 -0.0285321944 12.5268355356 19.3158832015
21 -0.0230662496 11.9034990503 20.2326796070
22 0.2096221391 14.0180375329 19.7104891293
23 -0.5682450273 14.5584589850 20.2995330637
24 1.5975641507 14.3306888144 20.0822750647
25 1.1664865104 14.7470762023 18.8155853564
26 1.1520265798 15.8096252606 18.5394370985
27 1.7296129287 13.7170882489 17.7321792470
28 2.8078272453 13.7091447610 17.6668012978
29 1.3300234101 14.0165620584 16.7197797679
30 1.2041639852 12.2742014660 18.2703094799
31 2.0923605352 11.6613006993 18.5041396930
32 0.2375281549 11.7735896019 17.2301598274
33 0.6983859950 11.5113246155 16.2904163151
34 -0.9567273006 12.9138523971 17.1760386338
35 -0.6163991682 13.9410298063 17.3254527739
36 -1.6600774348 12.9576656179 16.3662478320
37 2.2316391722 9.0344212339 18.7578386798
38 2.8439746745 9.9085208350 18.4264364081
39 1.7748548000 9.3271884888 19.7488907968
40 3.2635637555 7.8922614856 18.7788996897
41 4.1679887640 8.2573669101 19.2523046807
42 3.1217068748 6.3393364181 19.2330131744
43 2.7809887371 6.2343672898 20.2521783931
44 4.5608853676 6.0893028707 18.7711233644
45 5.3630065454 6.7977888674 19.0924874603
46 4.9743042363 5.0412309744 18.9073934343
47 4.1462742883 6.2765065822 17.2569226587
48 5.0717324773 6.3339113142 16.7083476018
49 3.0953353799 5.0944115070 17.0435888735
50 2.7099143187 4.8586630076 16.0203550709
51 2.4090694355 5.1648689179 18.3236884598
52 1.3362030514 4.9332742370 18.5034228514
53 3.2031488113 4.0225636255 18.0353582419
54 3.5467055417 7.7024329906 17.2787983546
55 4.3213971938 8.5281869992 16.9193258673
56 3.6882448208 10.0781420719 14.4580748232
57 3.5713061165 10.8588354991 13.7043151237
58 4.1694663494 10.4575764391 15.3927671030
59 4.4424914203 8.8702360537 13.9672122186
60 4.4197280082 8.3118334977 14.8905963730
61 5.7928723580 8.3562321996 13.4225697904
62 6.6958568602 8.6066569478 14.0051447992
63 5.2248619979 6.8407168022 13.3991097906
64 5.9261863316 6.1458332929 12.9894000057
65 4.7684312165 6.4468209707 14.3070043206
66 4.0884864687 7.0731906461 12.3441513431
67 3.4340245533 6.1205652505 12.1067209770
68 5.0076918044 7.3389087009 11.1828321058
69 4.4980608593 7.3908591619 10.2829165087
70 6.1439794751 8.1181207593 11.8369062534
71 7.2256844541 7.9791854671 11.6658507071
72 5.4301315560 8.8568586868 10.9367266295
73 3.4179279563 8.3762900761 12.8966642501
74 3.6685640448 9.0235336070 12.0738309312

Bonds

1 10 3 1
2 14 2 1
3 5 3 5
4 5 3 73
5 7 3 4
6 2 56 5
7 9 5 7
8 7 5 6
9 9 8 7
10 5 8 10
11 5 8 54
12 7 8 9
13 2 37 10
14 9 10 12
15 7 10 11
16 9 13 12
17 2 15 13
18 5 13 32
19 7 13 14
20 2 15 18
21 4 15 16
22 4 15 17
23 5 18 20
24 2 34 18
25 7 18 19
26 5 20 22
27 5 20 30
28 7 20 21
29 5 22 25
30 8 22 24
31 7 22 23
32 8 25 24
33 2 27 25
34 7 25 26
35 2 27 30
36 4 27 28
37 4 27 29
38 5 30 32
39 7 30 31
40 2 34 32
41 7 32 33
42 4 34 35
43 4 34 36
44 2 37 40
45 4 37 38
46 4 37 39
47 5 40 42
48 5 40 54
49 7 40 41
50 2 44 42
51 5 42 51
52 7 42 43
53 2 44 47
54 4 44 45
55 4 44 46
56 5 47 54
57 5 47 49
58 7 47 48
59 5 49 51
60 8 49 53
61 7 49 50
62 8 51 53
63 7 51 52
64 7 54 55
65 2 56 59
66 4 56 57
67 4 56 58
68 5 59 61
69 5 59 73
70 7 59 60
71 2 63 61
72 5 61 70
73 7 61 62
74 2 63 66
75 4 63 64
76 4 63 65
77 5 66 73
78 5 66 68
79 7 66 67
80 5 68 70
81 8 68 72
82 7 68 69
83 8 70 72
84 7 70 71
85 7 73 74

Angles

1 19 5 3 1
2 19 73 3 1
3 34 4 3 1
4 25 3 1 2
5 4 56 5 3
6 18 3 5 7
7 16 3 5 6
8 14 3 73 66
9 14 3 73 59
10 16 3 73 74
11 16 5 3 4
12 16 73 3 4
13 14 5 3 73
14 11 5 56 59
15 13 5 56 57
16 13 5 56 58
17 24 5 7 8
18 5 56 5 6
19 33 6 5 7
20 7 56 5 7
21 18 10 8 7
22 18 54 8 7
23 33 9 8 7
24 4 37 10 8
25 18 8 10 12
26 16 8 10 11
27 14 8 54 47
28 14 8 54 40
29 16 8 54 55
30 16 10 8 9
31 16 54 8 9
32 14 10 8 54
33 11 10 37 40
34 13 10 37 38
35 13 10 37 39
36 24 10 12 13
37 5 37 10 11
38 33 11 10 12
39 7 37 10 12
40 7 15 13 12
41 18 32 13 12
42 33 14 13 12
43 11 13 15 18
44 13 13 15 16
45 13 13 15 17
46 14 13 32 30
47 4 34 32 13
48 16 13 32 33
49 5 15 13 14
50 16 32 13 14
51 4 15 13 32
52 4 15 18 20
53 3 15 18 34
54 5 15 18 19
55 13 18 15 16
56 31 16 15 17
57 13 18 15 17
58 14 18 20 22
59 14 18 20 30
60 16 18 20 21
61 11 18 34 32
62 13 18 34 35
63 13 18 34 36
64 16 20 18 19
65 5 34 18 19
66 4 34 18 20
67 14 20 22 25
68 17 20 22 24
69 16 20 22 23
70 4 27 30 20
71 14 20 30 32
72 16 20 30 31
73 16 22 20 21
74 16 30 20 21
75 14 22 20 30
76 4 27 25 22
77 17 22 25 24
78 16 22 25 26
79 23 22 24 25
80 16 25 22 23
81 32 23 22 24
82 17 25 22 24
83 6 27 25 24
84 32 26 25 24
85 11 25 27 30
86 13 25 27 28
87 13 25 27 29
88 5 27 25 26
89 4 27 30 32
90 5 27 30 31
91 13 30 27 28
92 31 28 27 29
93 13 30 27 29
94 4 34 32 30
95 16 30 32 33
96 16 32 30 31
97 13 32 34 35
98 13 32 34 36
99 5 34 32 33
100 31 35 34 36
101 4 37 40 42
102 4 37 40 54
103 5 37 40 41
104 13 40 37 38
105 31 38 37 39
106 13 40 37 39
107 4 44 42 40
108 14 40 42 51
109 16 40 42 43
110 14 40 54 47
111 16 40 54 55
112 16 42 40 41
113 16 54 40 41
114 14 42 40 54
115 11 42 44 47
116 13 42 44 45
117 13 42 44 46
118 14 42 51 49
119 17 42 51 53
120 16 42 51 52
121 5 44 42 43
122 16 51 42 43
123 4 44 42 51
124 4 44 47 54
125 4 44 47 49
126 5 44 47 48
127 13 47 44 45
128 31 45 44 46
129 13 47 44 46
130 16 47 54 55
131 14 47 49 51
132 17 47 49 53
133 16 47 49 50
134 16 54 47 48
135 16 49 47 48
136 14 49 47 54
137 17 49 51 53
138 16 49 51 52
139 23 49 53 51
140 16 51 49 50
141 32 50 49 53
142 17 51 49 53
143 32 52 51 53
144 4 56 59 61
145 4 56 59 73
146 5 56 59 60
147 13 59 56 57
148 31 57 56 58
149 13 59 56 58
150 4 63 61 59
151 14 59 61 70
152 16 59 61 62
153 14 59 73 66
154 16 59 73 74
155 16 61 59 60
156 16 73 59 60
157 14 61 59 73
158 11 61 63 66
159 13 61 63 64
160 13 61 63 65
161 14 61 70 68
162 17 61 70 72
163 16 61 70 71
164 5 63 61 62
165 16 70 61 62
166 4 63 61 70
167 4 63 66 73
168 4 63 66 68
169 5 63 66 67
170 13 66 63 64
171 31 64 63 65
172 13 66 63 65
173 16 66 73 74
174 14 66 68 70
175 17 66 68 72
176 16 66 68 69
177 16 73 66 67
178 16 68 66 67
179 14 68 66 73
180 17 68 70 72
181 16 68 70 71
182 23 68 72 70
183 16 70 68 69
184 32 69 68 72
185 17 70 68 72
186 32 71 70 72

Dihedrals

1 12 56 5 3 1
2 68 7 5 3 1
3 62 6 5 3 1
4 35 66 73 3 1
5 35 59 73 3 1
6 62 74 73 3 1
7 41 5 3 1 2
8 41 73 3 1 2
9 52 2 1 3 4
10 21 59 56 5 3
11 29 3 5 56 57
12 29 3 5 56 58
13 40 3 5 7 8
14 7 63 66 73 3
15 30 3 73 66 68
16 32 3 73 66 67
17 7 56 59 73 3
18 30 3 73 59 61
19 32 3 73 59 60
20 9 56 5 3 4
21 61 4 3 5 7
22 59 4 3 5 6
23 32 66 73 3 4
24 32 59 73 3 4
25 59 4 3 73 74
26 30 5 3 73 66
27 30 5 3 73 59
28 32 5 3 73 74
29 21 5 56 59 61
30 21 5 56 59 73
31 22 5 56 59 60
32 40 10 8 7 5
33 40 54 8 7 5
34 46 5 7 8 9
35 32 73 3 5 6
36 22 59 56 5 6
37 54 57 56 5 6
38 54 58 56 5 6
39 46 8 7 5 6
40 34 73 3 5 7
41 24 59 56 5 7
42 56 57 56 5 7
43 56 58 56 5 7
44 11 37 10 8 7
45 67 7 8 10 12
46 61 11 10 8 7
47 34 47 54 8 7
48 34 40 54 8 7
49 61 55 54 8 7
50 14 56 5 7 8
51 21 40 37 10 8
52 29 8 10 37 38
53 29 8 10 37 39
54 40 8 10 12 13
55 7 44 47 54 8
56 30 8 54 47 49
57 32 8 54 47 48
58 7 37 40 54 8
59 30 8 54 40 42
60 32 8 54 40 41
61 9 37 10 8 9
62 61 9 8 10 12
63 59 9 8 10 11
64 32 47 54 8 9
65 32 40 54 8 9
66 59 9 8 54 55
67 30 10 8 54 47
68 30 10 8 54 40
69 32 10 8 54 55
70 21 10 37 40 42
71 21 10 37 40 54
72 22 10 37 40 41
73 14 15 13 12 10
74 40 32 13 12 10
75 46 10 12 13 14
76 32 54 8 10 11
77 22 40 37 10 11
78 54 38 37 10 11
79 54 39 37 10 11
80 46 13 12 10 11
81 34 54 8 10 12
82 24 40 37 10 12
83 56 38 37 10 12
84 56 39 37 10 12
85 24 18 15 13 12
86 56 16 15 13 12
87 56 17 15 13 12
88 34 30 32 13 12
89 11 34 32 13 12
90 61 33 32 13 12
91 14 37 10 12 13
92 21 13 15 18 20
93 4 34 18 15 13
94 22 13 15 18 19
95 7 27 30 32 13
96 30 13 32 30 20
97 32 13 32 30 31
98 21 18 34 32 13
99 29 13 32 34 35
100 29 13 32 34 36
101 22 18 15 13 14
102 54 16 15 13 14
103 54 17 15 13 14
104 32 30 32 13 14
105 9 34 32 13 14
106 59 14 13 32 33
107 7 15 13 32 30
108 6 15 13 32 34
109 9 15 13 32 33
110 7 15 18 20 22
111 7 15 18 20 30
112 9 15 18 20 21
113 4 15 18 34 32
114 5 15 18 34 35
115 5 15 18 34 36
116 29 32 13 15 16
117 29 20 18 15 16
118 5 34 18 15 16
119 54 16 15 18 19
120 29 32 13 15 17
121 29 20 18 15 17
122 5 34 18 15 17
123 54 17 15 18 19
124 21 18 15 13 32
125 30 18 20 22 25
126 33 18 20 22 24
127 32 18 20 22 23
128 7 27 30 20 18
129 30 18 20 30 32
130 32 18 20 30 31
131 21 18 34 32 30
132 22 18 34 32 33
133 32 22 20 18 19
134 32 30 20 18 19
135 59 19 18 20 21
136 22 32 34 18 19
137 54 35 34 18 19
138 54 36 34 18 19
139 21 32 34 18 20
140 29 20 18 34 35
141 29 20 18 34 36
142 7 27 25 22 20
143 33 20 22 25 24
144 32 20 22 25 26
145 39 20 22 24 25
146 21 25 27 30 20
147 29 20 30 27 28
148 29 20 30 27 29
149 7 34 32 30 20
150 32 20 30 32 33
151 9 34 18 20 21
152 32 25 22 20 21
153 60 21 20 22 24
154 59 21 20 22 23
155 9 27 30 20 21
156 32 32 30 20 21
157 59 21 20 30 31
158 7 34 18 20 22
159 7 27 30 20 22
160 30 22 20 30 32
161 32 22 20 30 31
162 21 30 27 25 22
163 29 22 25 27 28
164 29 22 25 27 29
165 13 27 25 24 22
166 45 22 24 25 26
167 32 30 20 22 23
168 9 27 25 22 23
169 60 23 22 25 24
170 59 23 22 25 26
171 45 25 24 22 23
172 33 30 20 22 24
173 10 27 25 22 24
174 60 26 25 22 24
175 23 30 27 25 24
176 55 28 27 25 24
177 55 29 27 25 24
178 30 25 22 20 30
179 21 25 27 30 32
180 22 25 27 30 31
181 22 30 27 25 26
182 54 28 27 25 26
183 54 29 27 25 26
184 6 27 30 32 34
185 9 27 30 32 33
186 29 32 30 27 28
187 54 28 27 30 31
188 29 32 30 27 29
189 54 29 27 30 31
190 29 30 32 34 35
191 29 30 32 34 36
192 7 34 18 20 30
193 9 34 32 30 31
194 59 31 30 32 33
195 54 35 34 32 33
196 54 36 34 32 33
197 7 37 10 8 54
198 6 37 40 42 44
199 7 37 40 42 51
200 9 37 40 42 43
201 7 37 40 54 47
202 9 37 40 54 55
203 29 42 40 37 38
204 29 54 40 37 38
205 54 38 37 40 41
206 29 42 40 37 39
207 29 54 40 37 39
208 54 39 37 40 41
209 21 47 44 42 40
210 29 40 42 44 45
211 29 40 42 44 46
212 30 40 42 51 49
213 33 40 42 51 53
214 32 40 42 51 52
215 7 44 47 54 40
216 30 40 54 47 49
217 32 40 54 47 48
218 9 44 42 40 41
219 32 51 42 40 41
220 59 41 40 42 43
221 32 47 54 40 41
222 59 41 40 54 55
223 30 42 40 54 47
224 32 42 40 54 55
225 21 42 44 47 54
226 21 42 44 47 49
227 22 42 44 47 48
228 30 42 51 49 47
229 33 42 51 49 53
230 32 42 51 49 50
231 39 42 51 53 49
232 32 54 40 42 43
233 22 47 44 42 43
234 54 45 44 42 43
235 54 46 44 42 43
236 32 49 51 42 43
237 60 43 42 51 53
238 59 43 42 51 52
239 7 44 42 40 54
240 7 44 42 51 49
241 10 44 42 51 53
242 9 44 42 51 52
243 9 44 47 54 55
244 7 44 47 49 51
245 10 44 47 49 53
246 9 44 47 49 50
247 29 51 42 44 45
248 29 54 47 44 45
249 29 49 47 44 45
250 54 45 44 47 48
251 29 51 42 44 46
252 29 54 47 44 46
253 29 49 47 44 46
254 54 46 44 47 48
255 21 47 44 42 51
256 33 47 49 51 53
257 32 47 49 51 52
258 39 47 49 53 51
259 59 48 47 54 55
260 32 51 49 47 48
261 60 48 47 49 53
262 59 48 47 49 50
263 32 49 47 54 55
264 45 49 53 51 52
265 32 54 47 49 50
266 60 50 49 51 53
267 59 50 49 51 52
268 45 51 53 49 50
269 30 51 49 47 54
270 30 51 42 40 54
271 60 52 51 49 53
272 33 54 47 49 53
273 7 56 5 3 73
274 6 56 59 61 63
275 7 56 59 61 70
276 9 56 59 61 62
277 7 56 59 73 66
278 9 56 59 73 74
279 29 61 59 56 57
280 29 73 59 56 57
281 54 57 56 59 60
282 29 61 59 56 58
283 29 73 59 56 58
284 54 58 56 59 60
285 21 66 63 61 59
286 29 59 61 63 64
287 29 59 61 63 65
288 30 59 61 70 68
289 33 59 61 70 72
290 32 59 61 70 71
291 7 63 66 73 59
292 30 59 73 66 68
293 32 59 73 66 67
294 9 63 61 59 60
295 32 70 61 59 60
296 59 60 59 61 62
297 32 66 73 59 60
298 59 60 59 73 74
299 30 61 59 73 66
300 32 61 59 73 74
301 21 61 63 66 73
302 21 61 63 66 68
303 22 61 63 66 67
304 30 61 70 68 66
305 33 61 70 68 72
306 32 61 70 68 69
307 39 61 70 72 68
308 32 73 59 61 62
309 22 66 63 61 62
310 54 64 63 61 62
311 54 65 63 61 62
312 32 68 70 61 62
313 60 62 61 70 72
314 59 62 61 70 71
315 7 63 61 59 73
316 7 63 61 70 68
317 10 63 61 70 72
318 9 63 61 70 71
319 9 63 66 73 74
320 7 63 66 68 70
321 10 63 66 68 72
322 9 63 66 68 69
323 29 70 61 63 64
324 29 73 66 63 64
325 29 68 66 63 64
326 54 64 63 66 67
327 29 70 61 63 65
328 29 73 66 63 65
329 29 68 66 63 65
330 54 65 63 66 67
331 21 66 63 61 70
332 33 66 68 70 72
333 32 66 68 70 71
334 39 66 68 72 70
335 59 67 66 73 74
336 32 70 68 66 67
337 60 67 66 68 72
338 59 67 66 68 69
339 32 68 66 73 74
340 45 68 72 70 71
341 32 73 66 68 69
342 60 69 68 70 72
343 59 69 68 70 71
344 45 70 72 68 69
345 30 70 68 66 73
346 30 70 61 59 73
347 60 71 70 68 72
348 33 73 66 68 72

Impropers

1 26 5 3 73 1
2 31 5 3 4 1
3 31 73 3 4 1
4 23 5 3 73 4
5 19 56 5 7 3
6 14 56 5 6 3
7 33 3 5 7 6
8 20 56 5 7 6
9 25 10 8 54 7
10 30 10 8 9 7
11 30 54 8 9 7
12 23 10 8 54 9
13 19 37 10 12 8
14 14 37 10 11 8
15 33 8 10 12 11
16 20 37 10 12 11
17 13 15 13 32 12
18 16 15 13 14 12
19 30 32 13 14 12
20 11 15 13 32 14
21 4 13 15 18 16
22 4 13 15 18 17
23 6 13 15 16 17
24 6 18 15 16 17
25 8 34 18 15 20
26 11 15 18 20 19
27 9 15 18 34 19
28 14 34 18 19 20
29 21 18 20 22 30
30 23 18 20 22 21
31 23 18 20 30 21
32 23 22 20 30 21
33 24 20 22 25 24
34 23 20 22 25 23
35 32 20 22 24 23
36 32 25 22 24 23
37 17 27 25 24 22
38 14 27 25 26 22
39 32 22 25 24 26
40 18 27 25 24 26
41 4 25 27 30 28
42 4 25 27 30 29
43 6 25 27 28 29
44 6 30 27 28 29
45 10 27 30 32 20
46 11 27 30 32 31
47 11 27 30 20 31
48 23 32 30 20 31
49 10 34 32 13 30
50 14 34 32 33 30
51 23 30 32 13 33
52 11 34 32 13 33
53 4 32 34 18 35
54 4 32 34 18 36
55 6 32 34 35 36
56 6 18 34 35 36
57 4 10 37 40 38
58 4 10 37 40 39
59 6 10 37 38 39
60 6 40 37 38 39
61 10 37 40 42 54
62 11 37 40 42 41
63 11 37 40 54 41
64 23 42 40 54 41
65 10 44 42 51 40
66 14 44 42 43 40
67 23 40 42 51 43
68 11 44 42 51 43
69 4 42 44 47 45
70 4 42 44 47 46
71 6 42 44 45 46
72 6 47 44 45 46
73 10 44 47 54 49
74 11 44 47 54 48
75 11 44 47 49 48
76 23 54 47 49 48
77 24 47 49 51 53
78 23 47 49 51 50
79 32 47 49 53 50
80 32 51 49 53 50
81 24 42 51 49 53
82 32 49 51 53 52
83 23 49 51 42 52
84 29 42 51 52 53
85 21 47 54 8 40
86 23 47 54 8 55
87 23 47 54 40 55
88 23 8 54 40 55
89 4 5 56 59 57
90 4 5 56 59 58
91 6 5 56 57 58
92 6 59 56 57 58
93 10 56 59 61 73
94 11 56 59 61 60
95 11 56 59 73 60
96 23 61 59 73 60
97 10 63 61 70 59
98 14 63 61 62 59
99 23 59 61 70 62
100 11 63 61 70 62
101 4 61 63 66 64
102 4 61 63 66 65
103 6 61 63 64 65
104 6 66 63 64 65
105 10 63 66 73 68
106 11 63 66 73 67
107 11 63 66 68 67
108 23 73 66 68 67
109 24 66 68 70 72
110 23 66 68 70 69
111 32 66 68 72 69
112 32 70 68 72 69
113 24 61 70 68 72
114 32 68 70 72 71
115 23 68 70 61 71
116 29 61 70 71 72
117 21 66 73 3 59
118 23 66 73 3 74
119 23 66 73 59 74
120 23 3 73 59 74
