Mody lammps parameter 2023-03-10 22:53:48.581220
74 atoms
85 bonds
186 angles
345 dihedrals
120 impropers

Types

1 8
2 4
3 2
4 5
5 2
6 5
7 7
8 2
9 5
10 1
11 5
12 5
13 1
14 5
15 5
16 2
17 5
18 2
19 5
20 1
21 5
22 5
23 2
24 5
25 2
26 5
27 2
28 5
29 6
30 2
31 5
32 1
33 5
34 5
35 2
36 5
37 2
38 5
39 1
40 5
41 5
42 2
43 5
44 2
45 5
46 2
47 5
48 6
49 2
50 5
51 2
52 5
53 1
54 5
55 5
56 2
57 5
58 2
59 5
60 2
61 5
62 6
63 2
64 5
65 3
66 5
67 6
68 3
69 5
70 1
71 5
72 5
73 2
74 5

Charges

1 -0.5571
2 0.4241
3 0.0800
4 0.0530
5 0.0800
6 0.0530
7 -0.2660
8 0.0800
9 0.0530
10 -0.1060
11 0.0530
12 0.0530
13 -0.1060
14 0.0530
15 0.0530
16 -0.0530
17 0.0530
18 -0.0530
19 0.0530
20 -0.1060
21 0.0530
22 0.0530
23 -0.0530
24 0.0530
25 0.0800
26 0.0530
27 0.0800
28 0.0530
29 -0.2660
30 -0.0530
31 0.0530
32 -0.1060
33 0.0530
34 0.0530
35 -0.0530
36 0.0530
37 -0.0530
38 0.0530
39 -0.1060
40 0.0530
41 0.0530
42 -0.0530
43 0.0530
44 0.0800
45 0.0530
46 0.0800
47 0.0530
48 -0.2660
49 -0.0530
50 0.0530
51 -0.0530
52 0.0530
53 -0.1060
54 0.0530
55 0.0530
56 -0.0530
57 0.0530
58 0.0800
59 0.0530
60 0.0800
61 0.0530
62 -0.2660
63 -0.0530
64 0.0530
65 0.0800
66 0.0530
67 -0.2660
68 0.0800
69 0.0530
70 -0.1060
71 0.0530
72 0.0530
73 -0.0530
74 0.0530

Coords

1 6.3744732430 7.3968860972 20.1750313823
2 7.2922415003 7.2349441451 20.4130684685
3 6.3513219302 7.7254838498 18.7888223254
4 5.2887997335 7.4804322298 18.4645804462
5 6.7217139376 9.2336046035 18.4175860756
6 5.8175130680 9.8040973766 18.3718078098
7 7.4496056919 9.8226964205 19.5243356875
8 7.2692644734 11.2374714652 19.5429846141
9 7.5720366427 11.5437396715 18.5500306089
10 8.2516647434 11.8939333279 20.5855724753
11 9.2806060676 11.9124332968 20.1466133206
12 8.2221369219 11.2635180005 21.4946451508
13 7.6485116119 13.3093774294 20.7973373172
14 8.1558550354 14.0031609257 20.0355563267
15 7.9398486329 13.8352461099 21.7644065680
16 6.1764781488 13.3085737811 20.2724709892
17 6.3367363111 13.8376938786 19.2892726000
18 4.6537343359 13.7038167822 20.6936239309
19 4.5372093150 14.7981305419 20.9437423598
20 4.1005975757 13.3898286212 19.2283949836
21 3.0837060122 13.5089701545 19.1888107366
22 4.6019367990 14.0486325903 18.4676136977
23 4.5316414527 11.8856151288 19.3752365407
24 4.3969386276 11.3041318586 18.4953458998
25 3.4173785012 11.6378516502 20.4255905343
26 2.4059937573 11.3594164919 20.2154785899
27 3.5587993551 12.7281712636 21.4163238132
28 2.6575151273 13.2227738317 21.8625719813
29 3.8673604395 11.3913871072 21.8141859011
30 5.9462040781 11.8167423928 19.9983968746
31 5.8261447908 11.3639674751 21.0220614723
32 7.5879334444 9.2783250548 17.1546167284
33 7.2033520911 9.9416666644 16.4157382228
34 8.6128607312 9.4823678176 17.3872200577
35 7.4716029987 7.8232651700 16.7023905296
36 6.4286913217 7.7277872558 16.2405945626
37 8.3516256840 6.7931723120 15.8710252575
38 8.4523750528 7.1611321386 14.8472477084
39 7.2796056463 5.6535259159 16.0452331079
40 7.4724754476 4.6929766251 15.5876987510
41 6.3018305450 5.9247108696 15.6360856973
42 7.4980899675 5.5109029608 17.5446300717
43 6.6821302273 4.8197437438 17.9403611491
44 8.9336348849 5.0502969038 17.4698576006
45 9.0798143915 3.9788374379 17.6418568043
46 9.5519713208 5.9109002008 16.4822304531
47 10.3876242938 5.6505131033 15.7993383811
48 9.9547382327 5.9471928078 17.8716234967
49 7.3954005848 6.9756617239 18.0068456855
50 8.2479463865 7.1971229094 18.5554748226
51 5.1631811360 19.8393830716 5.9793107078
52 5.3104138413 20.6374059511 5.2788607302
53 4.2250191138 19.9594889617 7.1823378687
54 4.4003522493 20.7594727809 7.9115583638
55 3.1630902142 20.0575256052 6.8535884771
56 4.5535989335 18.5897599280 7.7628907597
57 4.1212716035 18.2413459905 8.7637325630
58 4.1028524374 17.7578820047 6.5703541019
59 3.1328013230 17.2570669296 6.4767275318
60 4.5221399746 18.5580651823 5.3945402840
61 4.1809437386 18.5765507088 4.3299539465
62 5.1694110991 17.3434340947 5.7216749935
63 6.0766035030 18.7640570173 8.1593414932
64 6.2310430268 17.6720082109 8.0006655683
65 7.5760871855 18.9251837392 8.5343915665
66 7.5654932133 18.9067074649 9.6509036951
67 8.6148281672 18.3324755118 7.8676028993
68 8.6657359005 19.8835089065 7.9579960783
69 9.5612263295 19.7730694216 7.3169699460
70 7.6063971892 20.5462224167 7.0901834404
71 8.0241777990 21.1248179032 6.2150705207
72 7.1326022523 21.2998680497 7.7034526326
73 6.4873013718 19.4472636498 6.7972664866
74 7.0309324037 18.6735855689 6.1048678939

Bonds

1 10 3 1
2 14 2 1
3 5 3 5
4 5 3 49
5 7 3 4
6 2 32 5
7 9 5 7
8 7 5 6
9 9 8 7
10 2 10 8
11 5 8 30
12 7 8 9
13 1 10 13
14 4 10 11
15 4 10 12
16 2 13 16
17 4 13 14
18 4 13 15
19 5 16 18
20 5 16 30
21 7 16 17
22 2 20 18
23 5 18 27
24 7 18 19
25 2 20 23
26 4 20 21
27 4 20 22
28 5 23 30
29 5 23 25
30 7 23 24
31 5 25 27
32 8 25 29
33 7 25 26
34 8 27 29
35 7 27 28
36 7 30 31
37 2 32 35
38 4 32 33
39 4 32 34
40 5 35 37
41 5 35 49
42 7 35 36
43 2 39 37
44 5 37 46
45 7 37 38
46 2 39 42
47 4 39 40
48 4 39 41
49 5 42 49
50 5 42 44
51 7 42 43
52 5 44 46
53 8 44 48
54 7 44 45
55 8 46 48
56 7 46 47
57 7 49 50
58 2 53 51
59 5 51 60
60 5 51 73
61 7 51 52
62 2 53 56
63 4 53 54
64 4 53 55
65 5 56 63
66 5 56 58
67 7 56 57
68 5 58 60
69 8 58 62
70 7 58 59
71 8 60 62
72 7 60 61
73 6 63 65
74 5 63 73
75 7 63 64
76 11 65 68
77 13 65 67
78 12 65 66
79 13 68 67
80 3 70 68
81 12 68 69
82 2 70 73
83 4 70 71
84 4 70 72
85 7 73 74

Angles

1 19 5 3 1
2 19 49 3 1
3 34 4 3 1
4 25 3 1 2
5 4 32 5 3
6 18 3 5 7
7 16 3 5 6
8 14 3 49 42
9 14 3 49 35
10 16 3 49 50
11 16 5 3 4
12 16 49 3 4
13 14 5 3 49
14 11 5 32 35
15 13 5 32 33
16 13 5 32 34
17 24 5 7 8
18 5 32 5 6
19 33 6 5 7
20 7 32 5 7
21 7 10 8 7
22 18 30 8 7
23 33 9 8 7
24 1 13 10 8
25 13 8 10 11
26 13 8 10 12
27 14 8 30 23
28 14 8 30 16
29 16 8 30 31
30 5 10 8 9
31 16 30 8 9
32 4 10 8 30
33 1 10 13 16
34 2 10 13 14
35 2 10 13 15
36 2 13 10 11
37 31 11 10 12
38 2 13 10 12
39 4 13 16 18
40 4 13 16 30
41 5 13 16 17
42 13 16 13 14
43 31 14 13 15
44 13 16 13 15
45 4 20 18 16
46 14 16 18 27
47 16 16 18 19
48 14 16 30 23
49 16 16 30 31
50 16 18 16 17
51 16 30 16 17
52 14 18 16 30
53 11 18 20 23
54 13 18 20 21
55 13 18 20 22
56 14 18 27 25
57 17 18 27 29
58 16 18 27 28
59 5 20 18 19
60 16 27 18 19
61 4 20 18 27
62 4 20 23 30
63 4 20 23 25
64 5 20 23 24
65 13 23 20 21
66 31 21 20 22
67 13 23 20 22
68 16 23 30 31
69 14 23 25 27
70 17 23 25 29
71 16 23 25 26
72 16 30 23 24
73 16 25 23 24
74 14 25 23 30
75 17 25 27 29
76 16 25 27 28
77 23 25 29 27
78 16 27 25 26
79 32 26 25 29
80 17 27 25 29
81 32 28 27 29
82 4 32 35 37
83 4 32 35 49
84 5 32 35 36
85 13 35 32 33
86 31 33 32 34
87 13 35 32 34
88 4 39 37 35
89 14 35 37 46
90 16 35 37 38
91 14 35 49 42
92 16 35 49 50
93 16 37 35 36
94 16 49 35 36
95 14 37 35 49
96 11 37 39 42
97 13 37 39 40
98 13 37 39 41
99 14 37 46 44
100 17 37 46 48
101 16 37 46 47
102 5 39 37 38
103 16 46 37 38
104 4 39 37 46
105 4 39 42 49
106 4 39 42 44
107 5 39 42 43
108 13 42 39 40
109 31 40 39 41
110 13 42 39 41
111 16 42 49 50
112 14 42 44 46
113 17 42 44 48
114 16 42 44 45
115 16 49 42 43
116 16 44 42 43
117 14 44 42 49
118 17 44 46 48
119 16 44 46 47
120 23 44 48 46
121 16 46 44 45
122 32 45 44 48
123 17 46 44 48
124 32 47 46 48
125 11 51 53 56
126 13 51 53 54
127 13 51 53 55
128 14 51 60 58
129 17 51 60 62
130 16 51 60 61
131 4 70 73 51
132 14 51 73 63
133 16 51 73 74
134 5 53 51 52
135 16 60 51 52
136 16 73 51 52
137 4 53 51 60
138 4 53 51 73
139 4 53 56 63
140 4 53 56 58
141 5 53 56 57
142 13 56 53 54
143 31 54 53 55
144 13 56 53 55
145 15 56 63 65
146 14 56 63 73
147 16 56 63 64
148 14 56 58 60
149 17 56 58 62
150 16 56 58 59
151 16 63 56 57
152 16 58 56 57
153 14 58 56 63
154 17 58 60 62
155 16 58 60 61
156 23 58 62 60
157 16 60 58 59
158 32 59 58 62
159 17 60 58 62
160 14 60 51 73
161 32 61 60 62
162 20 63 65 68
163 22 63 65 67
164 21 63 65 66
165 4 70 73 63
166 16 63 73 74
167 27 65 63 64
168 16 73 63 64
169 15 73 63 65
170 8 70 68 65
171 29 65 68 67
172 28 65 68 69
173 30 65 67 68
174 28 68 65 66
175 35 66 65 67
176 29 68 65 67
177 10 70 68 67
178 35 69 68 67
179 12 73 70 68
180 26 68 70 71
181 26 68 70 72
182 9 70 68 69
183 5 70 73 74
184 13 73 70 71
185 31 71 70 72
186 13 73 70 72

Dihedrals

1 12 32 5 3 1
2 68 7 5 3 1
3 62 6 5 3 1
4 35 42 49 3 1
5 35 35 49 3 1
6 62 50 49 3 1
7 41 5 3 1 2
8 41 49 3 1 2
9 52 2 1 3 4
10 21 35 32 5 3
11 29 3 5 32 33
12 29 3 5 32 34
13 40 3 5 7 8
14 7 39 42 49 3
15 30 3 49 42 44
16 32 3 49 42 43
17 7 32 35 49 3
18 30 3 49 35 37
19 32 3 49 35 36
20 9 32 5 3 4
21 61 4 3 5 7
22 59 4 3 5 6
23 32 42 49 3 4
24 32 35 49 3 4
25 59 4 3 49 50
26 30 5 3 49 42
27 30 5 3 49 35
28 32 5 3 49 50
29 21 5 32 35 37
30 21 5 32 35 49
31 22 5 32 35 36
32 14 10 8 7 5
33 40 30 8 7 5
34 46 5 7 8 9
35 32 49 3 5 6
36 22 35 32 5 6
37 54 33 32 5 6
38 54 34 32 5 6
39 46 8 7 5 6
40 34 49 3 5 7
41 24 35 32 5 7
42 56 33 32 5 7
43 56 34 32 5 7
44 3 13 10 8 7
45 56 11 10 8 7
46 56 12 10 8 7
47 34 23 30 8 7
48 34 16 30 8 7
49 61 31 30 8 7
50 14 32 5 7 8
51 19 8 10 13 16
52 20 8 10 13 14
53 20 8 10 13 15
54 7 20 23 30 8
55 30 8 30 23 25
56 32 8 30 23 24
57 7 13 16 30 8
58 30 8 30 16 18
59 32 8 30 16 17
60 2 13 10 8 9
61 54 11 10 8 9
62 54 12 10 8 9
63 32 23 30 8 9
64 32 16 30 8 9
65 59 9 8 30 31
66 7 10 8 30 23
67 7 10 8 30 16
68 9 10 8 30 31
69 1 10 13 16 18
70 1 10 13 16 30
71 2 10 13 16 17
72 29 30 8 10 11
73 20 16 13 10 11
74 53 11 10 13 14
75 53 11 10 13 15
76 29 30 8 10 12
77 20 16 13 10 12
78 53 12 10 13 14
79 53 12 10 13 15
80 1 13 10 8 30
81 6 13 16 18 20
82 7 13 16 18 27
83 9 13 16 18 19
84 7 13 16 30 23
85 9 13 16 30 31
86 29 18 16 13 14
87 29 30 16 13 14
88 54 14 13 16 17
89 29 18 16 13 15
90 29 30 16 13 15
91 54 15 13 16 17
92 21 23 20 18 16
93 29 16 18 20 21
94 29 16 18 20 22
95 30 16 18 27 25
96 33 16 18 27 29
97 32 16 18 27 28
98 7 20 23 30 16
99 30 16 30 23 25
100 32 16 30 23 24
101 9 20 18 16 17
102 32 27 18 16 17
103 59 17 16 18 19
104 32 23 30 16 17
105 59 17 16 30 31
106 30 18 16 30 23
107 32 18 16 30 31
108 21 18 20 23 30
109 21 18 20 23 25
110 22 18 20 23 24
111 30 18 27 25 23
112 33 18 27 25 29
113 32 18 27 25 26
114 39 18 27 29 25
115 32 30 16 18 19
116 22 23 20 18 19
117 54 21 20 18 19
118 54 22 20 18 19
119 32 25 27 18 19
120 60 19 18 27 29
121 59 19 18 27 28
122 7 20 18 16 30
123 7 20 18 27 25
124 10 20 18 27 29
125 9 20 18 27 28
126 9 20 23 30 31
127 7 20 23 25 27
128 10 20 23 25 29
129 9 20 23 25 26
130 29 27 18 20 21
131 29 30 23 20 21
132 29 25 23 20 21
133 54 21 20 23 24
134 29 27 18 20 22
135 29 30 23 20 22
136 29 25 23 20 22
137 54 22 20 23 24
138 21 23 20 18 27
139 33 23 25 27 29
140 32 23 25 27 28
141 39 23 25 29 27
142 59 24 23 30 31
143 32 27 25 23 24
144 60 24 23 25 29
145 59 24 23 25 26
146 32 25 23 30 31
147 45 25 29 27 28
148 32 30 23 25 26
149 60 26 25 27 29
150 59 26 25 27 28
151 45 27 29 25 26
152 30 27 25 23 30
153 30 27 18 16 30
154 60 28 27 25 29
155 33 30 23 25 29
156 7 32 5 3 49
157 6 32 35 37 39
158 7 32 35 37 46
159 9 32 35 37 38
160 7 32 35 49 42
161 9 32 35 49 50
162 29 37 35 32 33
163 29 49 35 32 33
164 54 33 32 35 36
165 29 37 35 32 34
166 29 49 35 32 34
167 54 34 32 35 36
168 21 42 39 37 35
169 29 35 37 39 40
170 29 35 37 39 41
171 30 35 37 46 44
172 33 35 37 46 48
173 32 35 37 46 47
174 7 39 42 49 35
175 30 35 49 42 44
176 32 35 49 42 43
177 9 39 37 35 36
178 32 46 37 35 36
179 59 36 35 37 38
180 32 42 49 35 36
181 59 36 35 49 50
182 30 37 35 49 42
183 32 37 35 49 50
184 21 37 39 42 49
185 21 37 39 42 44
186 22 37 39 42 43
187 30 37 46 44 42
188 33 37 46 44 48
189 32 37 46 44 45
190 39 37 46 48 44
191 32 49 35 37 38
192 22 42 39 37 38
193 54 40 39 37 38
194 54 41 39 37 38
195 32 44 46 37 38
196 60 38 37 46 48
197 59 38 37 46 47
198 7 39 37 35 49
199 7 39 37 46 44
200 10 39 37 46 48
201 9 39 37 46 47
202 9 39 42 49 50
203 7 39 42 44 46
204 10 39 42 44 48
205 9 39 42 44 45
206 29 46 37 39 40
207 29 49 42 39 40
208 29 44 42 39 40
209 54 40 39 42 43
210 29 46 37 39 41
211 29 49 42 39 41
212 29 44 42 39 41
213 54 41 39 42 43
214 21 42 39 37 46
215 33 42 44 46 48
216 32 42 44 46 47
217 39 42 44 48 46
218 59 43 42 49 50
219 32 46 44 42 43
220 60 43 42 44 48
221 59 43 42 44 45
222 32 44 42 49 50
223 45 44 48 46 47
224 32 49 42 44 45
225 60 45 44 46 48
226 59 45 44 46 47
227 45 46 48 44 45
228 30 46 44 42 49
229 30 46 37 35 49
230 60 47 46 44 48
231 33 49 42 44 48
232 21 51 53 56 63
233 21 51 53 56 58
234 22 51 53 56 57
235 30 51 60 58 56
236 33 51 60 58 62
237 32 51 60 58 59
238 39 51 60 62 58
239 28 51 73 70 68
240 29 51 73 70 71
241 29 51 73 70 72
242 30 51 73 63 56
243 31 51 73 63 65
244 32 51 73 63 64
245 22 56 53 51 52
246 54 54 53 51 52
247 54 55 53 51 52
248 32 58 60 51 52
249 60 52 51 60 62
250 59 52 51 60 61
251 9 70 73 51 52
252 32 63 73 51 52
253 59 52 51 73 74
254 7 53 51 60 58
255 10 53 51 60 62
256 9 53 51 60 61
257 6 53 51 73 70
258 7 53 51 73 63
259 9 53 51 73 74
260 8 53 56 63 65
261 7 53 56 63 73
262 9 53 56 63 64
263 7 53 56 58 60
264 10 53 56 58 62
265 9 53 56 58 59
266 29 60 51 53 54
267 29 73 51 53 54
268 29 63 56 53 54
269 29 58 56 53 54
270 54 54 53 56 57
271 29 60 51 53 55
272 29 73 51 53 55
273 29 63 56 53 55
274 29 58 56 53 55
275 54 55 53 56 57
276 21 56 53 51 60
277 21 56 53 51 73
278 36 56 63 65 68
279 38 56 63 65 67
280 37 56 63 65 66
281 7 70 73 63 56
282 32 56 63 73 74
283 33 56 58 60 62
284 32 56 58 60 61
285 39 56 58 62 60
286 48 65 63 56 57
287 32 73 63 56 57
288 59 57 56 63 64
289 32 60 58 56 57
290 60 57 56 58 62
291 59 57 56 58 59
292 31 58 56 63 65
293 30 58 56 63 73
294 32 58 56 63 64
295 30 58 60 51 73
296 45 58 62 60 61
297 32 63 56 58 59
298 60 59 58 60 62
299 59 59 58 60 61
300 45 60 62 58 59
301 30 60 58 56 63
302 7 70 73 51 60
303 30 60 51 73 63
304 32 60 51 73 74
305 60 61 60 58 62
306 32 73 51 60 61
307 33 73 51 60 62
308 33 63 56 58 62
309 15 70 68 65 63
310 43 63 65 68 67
311 42 63 65 68 69
312 44 63 65 67 68
313 28 63 73 70 68
314 29 63 73 70 71
315 29 63 73 70 72
316 50 68 65 63 64
317 64 64 63 65 67
318 63 64 63 65 66
319 9 70 73 63 64
320 59 64 63 73 74
321 8 70 73 63 65
322 48 65 63 73 74
323 25 73 70 68 65
324 49 65 68 70 71
325 49 65 68 70 72
326 18 70 68 67 65
327 51 65 67 68 69
328 37 73 63 65 66
329 16 70 68 65 66
330 66 66 65 68 67
331 65 66 65 68 69
332 51 68 67 65 66
333 38 73 63 65 67
334 17 70 68 65 67
335 66 69 68 65 67
336 27 73 70 68 67
337 58 71 70 68 67
338 58 72 70 68 67
339 36 73 63 65 68
340 47 68 70 73 74
341 26 73 70 68 69
342 57 71 70 68 69
343 57 72 70 68 69
344 54 71 70 73 74
345 54 72 70 73 74

Impropers

1 26 5 3 49 1
2 31 5 3 4 1
3 31 49 3 4 1
4 23 5 3 49 4
5 19 32 5 7 3
6 14 32 5 6 3
7 33 3 5 7 6
8 20 32 5 7 6
9 13 10 8 30 7
10 16 10 8 9 7
11 30 30 8 9 7
12 11 10 8 30 9
13 2 13 10 11 8
14 2 13 10 12 8
15 6 8 10 11 12
16 3 13 10 11 12
17 1 10 13 16 14
18 1 10 13 16 15
19 3 10 13 14 15
20 6 16 13 14 15
21 10 13 16 18 30
22 11 13 16 18 17
23 11 13 16 30 17
24 23 18 16 30 17
25 10 20 18 27 16
26 14 20 18 19 16
27 23 16 18 27 19
28 11 20 18 27 19
29 4 18 20 23 21
30 4 18 20 23 22
31 6 18 20 21 22
32 6 23 20 21 22
33 10 20 23 30 25
34 11 20 23 30 24
35 11 20 23 25 24
36 23 30 23 25 24
37 24 23 25 27 29
38 23 23 25 27 26
39 32 23 25 29 26
40 32 27 25 29 26
41 24 18 27 25 29
42 32 25 27 29 28
43 23 25 27 18 28
44 29 18 27 28 29
45 21 23 30 8 16
46 23 23 30 8 31
47 23 23 30 16 31
48 23 8 30 16 31
49 4 5 32 35 33
50 4 5 32 35 34
51 6 5 32 33 34
52 6 35 32 33 34
53 10 32 35 37 49
54 11 32 35 37 36
55 11 32 35 49 36
56 23 37 35 49 36
57 10 39 37 46 35
58 14 39 37 38 35
59 23 35 37 46 38
60 11 39 37 46 38
61 4 37 39 42 40
62 4 37 39 42 41
63 6 37 39 40 41
64 6 42 39 40 41
65 10 39 42 49 44
66 11 39 42 49 43
67 11 39 42 44 43
68 23 49 42 44 43
69 24 42 44 46 48
70 23 42 44 46 45
71 32 42 44 48 45
72 32 46 44 48 45
73 24 37 46 44 48
74 32 44 46 48 47
75 23 44 46 37 47
76 29 37 46 47 48
77 21 42 49 3 35
78 23 42 49 3 50
79 23 42 49 35 50
80 23 3 49 35 50
81 10 53 51 60 73
82 11 53 51 60 52
83 11 53 51 73 52
84 23 60 51 73 52
85 4 51 53 56 54
86 4 51 53 56 55
87 6 51 53 54 55
88 6 56 53 54 55
89 10 53 56 63 58
90 11 53 56 63 57
91 11 53 56 58 57
92 23 63 56 58 57
93 24 56 58 60 62
94 23 56 58 60 59
95 32 56 58 62 59
96 32 60 58 62 59
97 24 51 60 58 62
98 32 58 60 62 61
99 23 58 60 51 61
100 29 51 60 61 62
101 22 73 63 56 65
102 27 56 63 65 64
103 23 56 63 73 64
104 28 73 63 64 65
105 41 63 65 68 67
106 40 63 65 68 66
107 43 63 65 67 66
108 45 68 65 67 66
109 38 70 68 67 65
110 36 70 68 69 65
111 45 65 68 67 69
112 39 70 68 67 69
113 5 73 70 71 68
114 5 73 70 72 68
115 7 68 70 71 72
116 6 73 70 71 72
117 10 70 73 63 51
118 11 70 73 63 74
119 11 70 73 51 74
120 23 63 73 51 74
