delete edged atoms 
30 atoms
32 bonds
64 angles
103 dihedrals
40 impropers

Types

1	2
2	7
3	2
4	5
5	1
6	5
7	5
8	1
9	5
10	5
11	2
12	5
13	2
14	2
15	2
16	5
17	2
18	5
19	1
20	5
21	5
22	2
23	5
24	2
25	5
26	2
27	5
28	6
29	2
30	2

Charges

1	0.0800
2	-0.2660
3	0.0800
4	0.0530
5	-0.1060
6	0.0530
7	0.0530
8	-0.1060
9	0.0530
10	0.0530
11	-0.0530
12	0.0530
13	-0.0530
14	-0.0530
15	-0.0530
16	0.0530
17	-0.0530
18	0.0530
19	-0.1060
20	0.0530
21	0.0530
22	-0.0530
23	0.0530
24	0.0800
25	0.0530
26	0.0800
27	0.0530
28	-0.2660
29	-0.0530
30	-0.0530

Coords

1	57.5070390202	17.4036821912	32.2415490827
2	56.5136955557	18.4500832934	32.2234936001
3	56.5475298211	19.2422755410	31.0867329779
4	57.1376842633	18.7175478857	30.3390982442
5	57.2859883392	20.5597592252	31.2550508666
6	58.2659799131	20.4720947585	30.6443668259
7	57.6054141330	20.7635132968	32.2747531429
8	56.4630628457	21.6537173226	30.6562379841
9	57.1342186757	22.3773535223	30.1339479728
10	55.8545942838	22.2168897246	31.4327888195
11	55.3328479356	20.9085917979	29.8498022531
12	54.5379250140	21.6651680813	29.6966139741
13	55.3200350146	20.0700716608	28.4600817482
14	54.1672148553	18.7625237042	29.8011056586
15	55.0176649978	19.6933608143	30.7105570164
16	54.5387453559	19.8661970720	31.7295318310
17	44.0302503745	9.3440389334	15.4997754995
18	44.9811417917	8.7962239384	15.3817388448
19	42.9426049808	9.3696945771	14.4000276215
20	43.2142111903	9.7254281347	13.4124485524
21	42.7232802514	8.3206935113	14.0869761905
22	41.9019420229	10.2226388873	15.2490786649
23	40.9753301674	10.5105681351	14.7342793710
24	42.8077590029	11.4796830468	15.4766379810
25	42.4897874353	12.3595019210	14.8424547288
26	44.1641185380	10.9656449230	15.5465923379
27	45.0443996924	11.3988932337	15.2176491069
28	43.5627057757	11.6864017301	16.6761197560
29	41.6683247921	9.0979152614	16.2575762742
30	43.1800908475	8.7061857561	16.6411918095

Bonds

1	9	1	2
2	9	3	2
3	2	5	3
4	5	3	15
5	7	3	4
6	1	5	8
7	4	5	6
8	4	5	7
9	2	8	11
10	4	8	9
11	4	8	10
12	5	11	13
13	5	11	15
14	7	11	12
15	5	14	15
16	7	15	16
17	2	19	17
18	5	17	26
19	5	17	30
20	7	17	18
21	2	19	22
22	4	19	20
23	4	19	21
24	5	22	29
25	5	22	24
26	7	22	23
27	5	24	26
28	8	24	28
29	7	24	25
30	8	26	28
31	7	26	27
32	5	29	30

Angles

1	24	1	2	3
2	7	5	3	2
3	18	15	3	2
4	33	4	3	2
5	1	8	5	3
6	13	3	5	6
7	13	3	5	7
8	14	3	15	14
9	14	3	15	11
10	16	3	15	16
11	5	5	3	4
12	16	15	3	4
13	4	5	3	15
14	1	5	8	11
15	2	5	8	9
16	2	5	8	10
17	2	8	5	6
18	31	6	5	7
19	2	8	5	7
20	4	8	11	13
21	4	8	11	15
22	5	8	11	12
23	13	11	8	9
24	31	9	8	10
25	13	11	8	10
26	14	11	15	14
27	16	11	15	16
28	16	13	11	12
29	16	15	11	12
30	14	13	11	15
31	16	14	15	16
32	11	17	19	22
33	13	17	19	20
34	13	17	19	21
35	14	17	26	24
36	17	17	26	28
37	16	17	26	27
38	14	17	30	29
39	5	19	17	18
40	16	26	17	18
41	16	30	17	18
42	4	19	17	26
43	4	19	17	30
44	4	19	22	29
45	4	19	22	24
46	5	19	22	23
47	13	22	19	20
48	31	20	19	21
49	13	22	19	21
50	14	22	29	30
51	14	22	24	26
52	17	22	24	28
53	16	22	24	25
54	16	29	22	23
55	16	24	22	23
56	14	24	22	29
57	17	24	26	28
58	16	24	26	27
59	23	24	28	26
60	16	26	24	25
61	32	25	24	28
62	17	26	24	28
63	14	26	17	30
64	32	27	26	28

Dihedrals

1	14	5	3	2	1
2	40	15	3	2	1
3	46	1	2	3	4
4	3	8	5	3	2
5	56	6	5	3	2
6	56	7	5	3	2
7	34	14	15	3	2
8	34	11	15	3	2
9	61	16	15	3	2
10	19	3	5	8	11
11	20	3	5	8	9
12	20	3	5	8	10
13	7	8	11	15	3
14	30	3	15	11	13
15	32	3	15	11	12
16	2	8	5	3	4
17	54	6	5	3	4
18	54	7	5	3	4
19	32	14	15	3	4
20	32	11	15	3	4
21	59	4	3	15	16
22	7	5	3	15	14
23	7	5	3	15	11
24	9	5	3	15	16
25	1	5	8	11	13
26	1	5	8	11	15
27	2	5	8	11	12
28	29	15	3	5	6
29	20	11	8	5	6
30	53	6	5	8	9
31	53	6	5	8	10
32	29	15	3	5	7
33	20	11	8	5	7
34	53	7	5	8	9
35	53	7	5	8	10
36	1	8	5	3	15
37	7	8	11	15	14
38	9	8	11	15	16
39	29	13	11	8	9
40	29	15	11	8	9
41	54	9	8	11	12
42	29	13	11	8	10
43	29	15	11	8	10
44	54	10	8	11	12
45	32	14	15	11	12
46	59	12	11	15	16
47	30	13	11	15	14
48	32	13	11	15	16
49	21	17	19	22	29
50	21	17	19	22	24
51	22	17	19	22	23
52	30	17	26	24	22
53	33	17	26	24	28
54	32	17	26	24	25
55	39	17	26	28	24
56	30	17	30	29	22
57	22	22	19	17	18
58	54	20	19	17	18
59	54	21	19	17	18
60	32	24	26	17	18
61	60	18	17	26	28
62	59	18	17	26	27
63	32	29	30	17	18
64	7	19	17	26	24
65	10	19	17	26	28
66	9	19	17	26	27
67	7	19	17	30	29
68	7	19	22	29	30
69	7	19	22	24	26
70	10	19	22	24	28
71	9	19	22	24	25
72	29	26	17	19	20
73	29	30	17	19	20
74	29	29	22	19	20
75	29	24	22	19	20
76	54	20	19	22	23
77	29	26	17	19	21
78	29	30	17	19	21
79	29	29	22	19	21
80	29	24	22	19	21
81	54	21	19	22	23
82	21	22	19	17	26
83	21	22	19	17	30
84	33	22	24	26	28
85	32	22	24	26	27
86	39	22	24	28	26
87	32	30	29	22	23
88	32	26	24	22	23
89	60	23	22	24	28
90	59	23	22	24	25
91	30	24	22	29	30
92	30	24	26	17	30
93	45	24	28	26	27
94	32	29	22	24	25
95	60	25	24	26	28
96	59	25	24	26	27
97	45	26	28	24	25
98	30	26	24	22	29
99	30	26	17	30	29
100	60	27	26	24	28
101	32	30	17	26	27
102	33	30	17	26	28
103	33	29	22	24	28

Impropers

1	13	5	3	15	2
2	16	5	3	4	2
3	30	15	3	4	2
4	11	5	3	15	4
5	2	8	5	6	3
6	2	8	5	7	3
7	6	3	5	6	7
8	3	8	5	6	7
9	1	5	8	11	9
10	1	5	8	11	10
11	3	5	8	9	10
12	6	11	8	9	10
13	10	8	11	13	15
14	11	8	11	13	12
15	11	8	11	15	12
16	23	13	11	15	12
17	21	14	15	3	11
18	23	14	15	3	16
19	23	14	15	11	16
20	23	3	15	11	16
21	10	19	17	26	30
22	11	19	17	26	18
23	11	19	17	30	18
24	23	26	17	30	18
25	4	17	19	22	20
26	4	17	19	22	21
27	6	17	19	20	21
28	6	22	19	20	21
29	10	19	22	29	24
30	11	19	22	29	23
31	11	19	22	24	23
32	23	29	22	24	23
33	24	22	24	26	28
34	23	22	24	26	25
35	32	22	24	28	25
36	32	26	24	28	25
37	24	17	26	24	28
38	32	24	26	28	27
39	23	24	26	17	27
40	29	17	26	27	28