Mody lammps parameter 2023-03-10 23:10:56.136937
74 atoms
85 bonds
186 angles
348 dihedrals
120 impropers

Types

1 8
2 4
3 2
4 5
5 2
6 5
7 2
8 5
9 2
10 5
11 2
12 5
13 6
14 2
15 5
16 1
17 5
18 5
19 2
20 5
21 2
22 5
23 1
24 5
25 5
26 7
27 2
28 5
29 2
30 5
31 7
32 2
33 5
34 1
35 5
36 5
37 2
38 5
39 1
40 5
41 5
42 2
43 5
44 2
45 5
46 1
47 5
48 5
49 2
50 5
51 6
52 2
53 5
54 2
55 5
56 1
57 5
58 5
59 2
60 5
61 2
62 5
63 1
64 5
65 5
66 2
67 5
68 2
69 5
70 2
71 5
72 2
73 5
74 6

Charges

1 -0.5571
2 0.4241
3 0.0800
4 0.0530
5 0.0800
6 0.0530
7 -0.0530
8 0.0530
9 -0.0530
10 0.0530
11 0.0800
12 0.0530
13 -0.2660
14 0.0800
15 0.0530
16 -0.1060
17 0.0530
18 0.0530
19 -0.0530
20 0.0530
21 -0.0530
22 0.0530
23 -0.1060
24 0.0530
25 0.0530
26 -0.2660
27 0.0800
28 0.0530
29 0.0800
30 0.0530
31 -0.2660
32 0.0800
33 0.0530
34 -0.1060
35 0.0530
36 0.0530
37 -0.0530
38 0.0530
39 -0.1060
40 0.0530
41 0.0530
42 -0.0530
43 0.0530
44 -0.0530
45 0.0530
46 -0.1060
47 0.0530
48 0.0530
49 0.0800
50 0.0530
51 -0.2660
52 0.0800
53 0.0530
54 -0.0530
55 0.0530
56 -0.1060
57 0.0530
58 0.0530
59 -0.0530
60 0.0530
61 -0.0530
62 0.0530
63 -0.1060
64 0.0530
65 0.0530
66 -0.0530
67 0.0530
68 -0.0530
69 0.0530
70 0.0800
71 0.0530
72 0.0800
73 0.0530
74 -0.2660

Coords

1 28.4329287264 8.5860019739 10.3265499303
2 28.6877605431 9.3366853322 9.8565368040
3 28.0896500540 8.9513604497 11.6270740073
4 27.7443973447 9.9587966108 11.6814755037
5 27.0443245767 8.0091931869 12.2595188568
6 26.6698916149 7.3416133051 11.4286300193
7 27.8257887950 7.2676547688 13.3628768350
8 27.3106983308 6.3119337422 13.6443071335
9 28.0649768361 8.2519356500 14.5214707309
10 27.1337347883 8.7892371746 14.8966653621
11 28.7742159625 7.7306672473 15.7819051145
12 28.6408991387 6.6389071368 16.1239764565
13 28.9496827197 8.6963754862 16.8292823661
14 30.0360809671 8.4827377065 15.9421314449
15 30.9770425406 8.0404821982 16.2862981360
16 30.0637048196 9.6247781689 14.9137448980
17 29.9483609058 10.6296693906 15.4119845416
18 31.0972945339 9.6880130840 14.4944701899
19 28.9407457019 9.2884384179 13.9045720979
20 28.4462998726 10.2936409410 13.7152409789
21 29.2693099614 8.7317213092 12.5865518100
22 30.2280791167 9.1550633295 12.2497220482
23 29.2716675677 7.2154168565 12.8133430908
24 29.6120913239 6.5602414622 12.0352578828
25 29.9803381578 6.9716670724 13.5945253258
26 25.8229045899 8.5882889659 12.6744009280
27 25.2009913609 9.8124646292 13.2021374450
28 25.8935022999 10.5600473979 13.6727077985
29 24.4650303258 10.4857921424 11.9401858629
30 23.9137658585 11.2981492265 12.3588126784
31 25.3964216673 11.0800830930 10.9943569909
32 25.1453783966 12.4205758212 10.4434662464
33 25.6786490299 13.1112851508 11.0875038878
34 23.7329973084 12.8698524773 10.1972188275
35 23.6880268661 13.9558436737 10.3653122446
36 23.0978527504 12.4626804329 10.9520552359
37 23.4950693331 12.6440352108 8.6017012298
38 22.4920641453 12.8683117743 8.3226250762
39 24.8013908176 13.4201160738 8.1476377078
40 25.0505208960 13.2839092611 7.0696471388
41 24.8767072120 14.4983954631 8.4045522689
42 25.6886190044 12.4463825080 8.9380470841
43 26.7725954531 12.6586841744 8.8421567354
44 25.3875761177 11.1767004083 8.0605340956
45 25.8245382088 11.4145020266 7.0407909908
46 25.7732669600 9.6509957465 8.3633856044
47 26.3632574962 9.4163860003 9.3483229241
48 26.4577184101 9.1943766418 7.5524132170
49 24.4770485130 8.8809059080 8.2208397178
50 24.4206832692 7.9731059370 8.8229525959
51 23.6579575715 9.1137243278 7.0733068523
52 23.3389086720 9.8024490850 8.3119211150
53 22.3269612628 9.5643345731 8.6728926306
54 23.8063585021 11.2676586353 7.9404852081
55 23.5631112577 11.3902802778 6.8737965488
56 23.6108052204 9.3036456868 11.4025576669
57 24.2030923911 8.6172690136 10.7649862698
58 22.8084189542 9.6278930163 10.7895062754
59 23.1081210891 8.6266833489 12.6996796793
60 22.0519911691 8.9164687453 12.7552254534
61 23.3569858632 6.9948866901 13.0763471901
62 24.2821880972 7.0380017799 12.5016112189
63 22.4521715997 7.3765782543 14.2941284699
64 21.4345656225 7.7095124312 13.9557868686
65 22.0339611699 6.4760654257 14.8295093187
66 23.2951906302 8.4366553269 15.0899341494
67 22.7255380538 9.1218346945 15.7955077210
68 23.8300800824 9.3794295788 13.8881534152
69 23.3372785927 10.3440859365 14.0350278112
70 24.1594439131 7.3176675311 15.6518327527
71 24.0087739098 7.0698766699 16.6416698805
72 24.3332722091 6.3622069085 14.4255287654
73 25.2703598408 5.9512737476 14.0170157000
74 25.3874278573 7.3901560411 14.9877914567

Bonds

1 10 3 1
2 14 2 1
3 5 3 5
4 5 3 21
5 7 3 4
6 9 5 26
7 5 5 7
8 7 5 6
9 5 7 9
10 2 23 7
11 7 7 8
12 5 9 11
13 5 9 19
14 7 9 10
15 8 11 13
16 5 11 14
17 7 11 12
18 8 14 13
19 2 16 14
20 7 14 15
21 2 16 19
22 4 16 17
23 4 16 18
24 5 19 21
25 7 19 20
26 2 23 21
27 7 21 22
28 4 23 24
29 4 23 25
30 9 27 26
31 5 27 29
32 5 27 68
33 7 27 28
34 2 56 29
35 9 29 31
36 7 29 30
37 9 32 31
38 2 34 32
39 5 32 42
40 7 32 33
41 2 34 37
42 4 34 35
43 4 34 36
44 2 39 37
45 5 37 54
46 7 37 38
47 2 39 42
48 4 39 40
49 4 39 41
50 5 42 44
51 7 42 43
52 2 46 44
53 5 44 54
54 7 44 45
55 2 46 49
56 4 46 47
57 4 46 48
58 8 49 51
59 5 49 52
60 7 49 50
61 8 52 51
62 5 52 54
63 7 52 53
64 7 54 55
65 2 56 59
66 4 56 57
67 4 56 58
68 5 59 61
69 5 59 68
70 7 59 60
71 2 63 61
72 5 61 72
73 7 61 62
74 2 63 66
75 4 63 64
76 4 63 65
77 5 66 70
78 5 66 68
79 7 66 67
80 7 68 69
81 5 70 72
82 8 70 74
83 7 70 71
84 8 72 74
85 7 72 73

Angles

1 19 5 3 1
2 19 21 3 1
3 34 4 3 1
4 25 3 1 2
5 18 3 5 26
6 14 3 5 7
7 16 3 5 6
8 14 3 21 19
9 4 23 21 3
10 16 3 21 22
11 16 5 3 4
12 16 21 3 4
13 14 5 3 21
14 24 5 26 27
15 14 5 7 9
16 4 23 7 5
17 16 5 7 8
18 33 6 5 26
19 16 7 5 6
20 18 7 5 26
21 14 7 9 11
22 14 7 9 19
23 16 7 9 10
24 11 7 23 21
25 13 7 23 24
26 13 7 23 25
27 16 9 7 8
28 5 23 7 8
29 4 23 7 9
30 17 9 11 13
31 14 9 11 14
32 16 9 11 12
33 4 16 19 9
34 14 9 19 21
35 16 9 19 20
36 16 11 9 10
37 16 19 9 10
38 14 11 9 19
39 23 11 13 14
40 17 11 14 13
41 4 16 14 11
42 16 11 14 15
43 32 12 11 13
44 16 14 11 12
45 17 14 11 13
46 6 16 14 13
47 32 15 14 13
48 11 14 16 19
49 13 14 16 17
50 13 14 16 18
51 5 16 14 15
52 4 16 19 21
53 5 16 19 20
54 13 19 16 17
55 31 17 16 18
56 13 19 16 18
57 4 23 21 19
58 16 19 21 22
59 16 21 19 20
60 13 21 23 24
61 13 21 23 25
62 5 23 21 22
63 31 24 23 25
64 18 29 27 26
65 18 68 27 26
66 33 28 27 26
67 4 56 29 27
68 18 27 29 31
69 16 27 29 30
70 14 27 68 66
71 14 27 68 59
72 16 27 68 69
73 16 29 27 28
74 16 68 27 28
75 14 29 27 68
76 11 29 56 59
77 13 29 56 57
78 13 29 56 58
79 24 29 31 32
80 5 56 29 30
81 33 30 29 31
82 7 56 29 31
83 7 34 32 31
84 18 42 32 31
85 33 33 32 31
86 11 32 34 37
87 13 32 34 35
88 13 32 34 36
89 4 39 42 32
90 14 32 42 44
91 16 32 42 43
92 5 34 32 33
93 16 42 32 33
94 4 34 32 42
95 3 34 37 39
96 4 34 37 54
97 5 34 37 38
98 13 37 34 35
99 31 35 34 36
100 13 37 34 36
101 11 37 39 42
102 13 37 39 40
103 13 37 39 41
104 14 37 54 52
105 14 37 54 44
106 16 37 54 55
107 5 39 37 38
108 16 54 37 38
109 4 39 37 54
110 4 39 42 44
111 5 39 42 43
112 13 42 39 40
113 31 40 39 41
114 13 42 39 41
115 4 46 44 42
116 14 42 44 54
117 16 42 44 45
118 16 44 42 43
119 11 44 46 49
120 13 44 46 47
121 13 44 46 48
122 14 44 54 52
123 16 44 54 55
124 5 46 44 45
125 16 54 44 45
126 4 46 44 54
127 6 46 49 51
128 4 46 49 52
129 5 46 49 50
130 13 49 46 47
131 31 47 46 48
132 13 49 46 48
133 23 49 51 52
134 17 49 52 51
135 14 49 52 54
136 16 49 52 53
137 32 50 49 51
138 16 52 49 50
139 17 52 49 51
140 17 54 52 51
141 32 53 52 51
142 16 52 54 55
143 16 54 52 53
144 4 56 59 61
145 4 56 59 68
146 5 56 59 60
147 13 59 56 57
148 31 57 56 58
149 13 59 56 58
150 4 63 61 59
151 14 59 61 72
152 16 59 61 62
153 14 59 68 66
154 16 59 68 69
155 16 61 59 60
156 16 68 59 60
157 14 61 59 68
158 11 61 63 66
159 13 61 63 64
160 13 61 63 65
161 14 61 72 70
162 17 61 72 74
163 16 61 72 73
164 5 63 61 62
165 16 72 61 62
166 4 63 61 72
167 4 63 66 70
168 4 63 66 68
169 5 63 66 67
170 13 66 63 64
171 31 64 63 65
172 13 66 63 65
173 14 66 70 72
174 17 66 70 74
175 16 66 70 71
176 16 66 68 69
177 16 70 66 67
178 16 68 66 67
179 14 68 66 70
180 17 70 72 74
181 16 70 72 73
182 23 70 74 72
183 16 72 70 71
184 32 71 70 74
185 17 72 70 74
186 32 73 72 74

Dihedrals

1 68 26 5 3 1
2 35 7 5 3 1
3 62 6 5 3 1
4 35 19 21 3 1
5 12 23 21 3 1
6 62 22 21 3 1
7 41 5 3 1 2
8 41 21 3 1 2
9 52 2 1 3 4
10 40 3 5 26 27
11 30 3 5 7 9
12 7 23 7 5 3
13 32 3 5 7 8
14 7 16 19 21 3
15 30 3 21 19 9
16 32 3 21 19 20
17 21 7 23 21 3
18 29 3 21 23 24
19 29 3 21 23 25
20 61 4 3 5 26
21 32 7 5 3 4
22 59 4 3 5 6
23 32 19 21 3 4
24 9 23 21 3 4
25 59 4 3 21 22
26 30 5 3 21 19
27 7 23 21 3 5
28 32 5 3 21 22
29 40 29 27 26 5
30 40 68 27 26 5
31 46 5 26 27 28
32 30 5 7 9 11
33 30 5 7 9 19
34 32 5 7 9 10
35 21 21 23 7 5
36 29 5 7 23 24
37 29 5 7 23 25
38 32 21 3 5 6
39 46 27 26 5 6
40 32 9 7 5 6
41 9 23 7 5 6
42 59 6 5 7 8
43 30 7 5 3 21
44 40 7 5 26 27
45 33 7 9 11 13
46 30 7 9 11 14
47 32 7 9 11 12
48 7 16 19 9 7
49 30 7 9 19 21
50 32 7 9 19 20
51 21 7 23 21 19
52 22 7 23 21 22
53 61 8 7 5 26
54 32 11 9 7 8
55 32 19 9 7 8
56 59 8 7 9 10
57 22 21 23 7 8
58 54 24 23 7 8
59 54 25 23 7 8
60 34 9 7 5 26
61 21 21 23 7 9
62 29 9 7 23 24
63 29 9 7 23 25
64 39 9 11 13 14
65 33 9 11 14 13
66 7 16 14 11 9
67 32 9 11 14 15
68 21 14 16 19 9
69 29 9 19 16 17
70 29 9 19 16 18
71 7 23 21 19 9
72 32 9 19 21 22
73 9 23 7 9 10
74 60 10 9 11 13
75 32 14 11 9 10
76 59 10 9 11 12
77 9 16 19 9 10
78 32 21 19 9 10
79 59 10 9 19 20
80 7 23 7 9 11
81 7 16 19 9 11
82 30 11 9 19 21
83 32 11 9 19 20
84 13 16 14 13 11
85 45 11 13 14 15
86 21 19 16 14 11
87 29 11 14 16 17
88 29 11 14 16 18
89 32 19 9 11 12
90 45 14 13 11 12
91 60 12 11 14 13
92 9 16 14 11 12
93 59 12 11 14 15
94 33 19 9 11 13
95 10 16 14 11 13
96 60 15 14 11 13
97 23 19 16 14 13
98 55 17 16 14 13
99 55 18 16 14 13
100 21 14 16 19 21
101 22 14 16 19 20
102 30 14 11 9 19
103 22 19 16 14 15
104 54 17 16 14 15
105 54 18 16 14 15
106 6 16 19 21 23
107 9 16 19 21 22
108 29 21 19 16 17
109 54 17 16 19 20
110 29 21 19 16 18
111 54 18 16 19 20
112 29 19 21 23 24
113 29 19 21 23 25
114 7 23 7 9 19
115 9 23 21 19 20
116 59 20 19 21 22
117 34 21 3 5 26
118 54 24 23 21 22
119 54 25 23 21 22
120 11 23 7 5 26
121 11 56 29 27 26
122 67 26 27 29 31
123 61 30 29 27 26
124 34 66 68 27 26
125 34 59 68 27 26
126 61 69 68 27 26
127 21 59 56 29 27
128 29 27 29 56 57
129 29 27 29 56 58
130 40 27 29 31 32
131 7 63 66 68 27
132 30 27 68 66 70
133 32 27 68 66 67
134 7 56 59 68 27
135 30 27 68 59 61
136 32 27 68 59 60
137 9 56 29 27 28
138 61 28 27 29 31
139 59 28 27 29 30
140 32 66 68 27 28
141 32 59 68 27 28
142 59 28 27 68 69
143 30 29 27 68 66
144 30 29 27 68 59
145 32 29 27 68 69
146 21 29 56 59 61
147 21 29 56 59 68
148 22 29 56 59 60
149 14 34 32 31 29
150 40 42 32 31 29
151 46 29 31 32 33
152 32 68 27 29 30
153 22 59 56 29 30
154 54 57 56 29 30
155 54 58 56 29 30
156 46 32 31 29 30
157 34 68 27 29 31
158 24 59 56 29 31
159 56 57 56 29 31
160 56 58 56 29 31
161 24 37 34 32 31
162 56 35 34 32 31
163 56 36 34 32 31
164 11 39 42 32 31
165 34 44 42 32 31
166 61 43 42 32 31
167 14 56 29 31 32
168 4 39 37 34 32
169 21 32 34 37 54
170 22 32 34 37 38
171 21 37 39 42 32
172 29 32 42 39 40
173 29 32 42 39 41
174 7 46 44 42 32
175 30 32 42 44 54
176 32 32 42 44 45
177 22 37 34 32 33
178 54 35 34 32 33
179 54 36 34 32 33
180 9 39 42 32 33
181 32 44 42 32 33
182 59 33 32 42 43
183 6 34 32 42 39
184 7 34 32 42 44
185 9 34 32 42 43
186 4 34 37 39 42
187 5 34 37 39 40
188 5 34 37 39 41
189 7 34 37 54 52
190 7 34 37 54 44
191 9 34 37 54 55
192 29 42 32 34 35
193 5 39 37 34 35
194 29 54 37 34 35
195 54 35 34 37 38
196 29 42 32 34 36
197 5 39 37 34 36
198 29 54 37 34 36
199 54 36 34 37 38
200 21 37 34 32 42
201 21 37 39 42 44
202 22 37 39 42 43
203 33 37 54 52 51
204 30 37 54 52 49
205 32 37 54 52 53
206 30 37 54 44 42
207 7 46 44 54 37
208 32 37 54 44 45
209 22 42 39 37 38
210 54 40 39 37 38
211 54 41 39 37 38
212 32 52 54 37 38
213 32 44 54 37 38
214 59 38 37 54 55
215 7 39 37 54 52
216 7 39 37 54 44
217 9 39 37 54 55
218 6 39 42 44 46
219 7 39 42 44 54
220 9 39 42 44 45
221 29 54 37 39 40
222 29 44 42 39 40
223 54 40 39 42 43
224 29 54 37 39 41
225 29 44 42 39 41
226 54 41 39 42 43
227 21 42 39 37 54
228 21 49 46 44 42
229 29 42 44 46 47
230 29 42 44 46 48
231 30 42 44 54 52
232 32 42 44 54 55
233 9 46 44 42 43
234 32 54 44 42 43
235 59 43 42 44 45
236 23 44 46 49 51
237 21 44 46 49 52
238 22 44 46 49 50
239 33 44 54 52 51
240 30 44 54 52 49
241 32 44 54 52 53
242 22 49 46 44 45
243 54 47 46 44 45
244 54 48 46 44 45
245 32 52 54 44 45
246 59 45 44 54 55
247 7 46 44 54 52
248 9 46 44 54 55
249 13 46 49 51 52
250 10 46 49 52 51
251 7 46 49 52 54
252 9 46 49 52 53
253 29 54 44 46 47
254 55 47 46 49 51
255 29 52 49 46 47
256 54 47 46 49 50
257 29 54 44 46 48
258 55 48 46 49 51
259 29 52 49 46 48
260 54 48 46 49 50
261 21 49 46 44 54
262 39 54 52 51 49
263 45 49 51 52 53
264 32 49 52 54 55
265 45 52 51 49 50
266 60 50 49 52 51
267 32 54 52 49 50
268 59 50 49 52 53
269 33 54 52 49 51
270 60 53 52 49 51
271 60 55 54 52 51
272 59 53 52 54 55
273 7 56 29 27 68
274 6 56 59 61 63
275 7 56 59 61 72
276 9 56 59 61 62
277 7 56 59 68 66
278 9 56 59 68 69
279 29 61 59 56 57
280 29 68 59 56 57
281 54 57 56 59 60
282 29 61 59 56 58
283 29 68 59 56 58
284 54 58 56 59 60
285 21 66 63 61 59
286 29 59 61 63 64
287 29 59 61 63 65
288 30 59 61 72 70
289 33 59 61 72 74
290 32 59 61 72 73
291 7 63 66 68 59
292 30 59 68 66 70
293 32 59 68 66 67
294 9 63 61 59 60
295 32 72 61 59 60
296 59 60 59 61 62
297 32 66 68 59 60
298 59 60 59 68 69
299 30 61 59 68 66
300 32 61 59 68 69
301 21 61 63 66 70
302 21 61 63 66 68
303 22 61 63 66 67
304 30 61 72 70 66
305 33 61 72 70 74
306 32 61 72 70 71
307 39 61 72 74 70
308 32 68 59 61 62
309 22 66 63 61 62
310 54 64 63 61 62
311 54 65 63 61 62
312 32 70 72 61 62
313 60 62 61 72 74
314 59 62 61 72 73
315 7 63 61 59 68
316 7 63 61 72 70
317 10 63 61 72 74
318 9 63 61 72 73
319 7 63 66 70 72
320 10 63 66 70 74
321 9 63 66 70 71
322 9 63 66 68 69
323 29 72 61 63 64
324 29 70 66 63 64
325 29 68 66 63 64
326 54 64 63 66 67
327 29 72 61 63 65
328 29 70 66 63 65
329 29 68 66 63 65
330 54 65 63 66 67
331 21 66 63 61 72
332 33 66 70 72 74
333 32 66 70 72 73
334 39 66 70 74 72
335 32 72 70 66 67
336 60 67 66 70 74
337 59 67 66 70 71
338 59 67 66 68 69
339 30 68 66 70 72
340 33 68 66 70 74
341 32 68 66 70 71
342 30 68 59 61 72
343 32 70 66 68 69
344 45 70 74 72 73
345 60 71 70 72 74
346 59 71 70 72 73
347 45 72 74 70 71
348 60 73 72 70 74

Impropers

1 26 5 3 21 1
2 31 5 3 4 1
3 31 21 3 4 1
4 23 5 3 21 4
5 25 7 5 3 26
6 33 3 5 26 6
7 23 3 5 7 6
8 30 7 5 6 26
9 10 23 7 5 9
10 23 5 7 9 8
11 14 23 7 8 5
12 14 23 7 8 9
13 21 7 9 11 19
14 23 7 9 11 10
15 23 7 9 19 10
16 23 11 9 19 10
17 24 14 11 9 13
18 32 9 11 13 12
19 23 9 11 14 12
20 29 14 11 12 13
21 12 16 14 11 13
22 15 16 14 15 13
23 29 11 14 15 13
24 11 16 14 11 15
25 4 14 16 19 17
26 4 14 16 19 18
27 6 14 16 17 18
28 6 19 16 17 18
29 10 16 19 21 9
30 11 16 19 21 20
31 11 16 19 9 20
32 23 21 19 9 20
33 10 23 21 3 19
34 14 23 21 22 19
35 23 19 21 3 22
36 11 23 21 3 22
37 4 21 23 7 24
38 4 21 23 7 25
39 6 21 23 24 25
40 6 7 23 24 25
41 25 29 27 68 26
42 30 29 27 28 26
43 30 68 27 28 26
44 23 29 27 68 28
45 19 56 29 31 27
46 14 56 29 30 27
47 33 27 29 31 30
48 20 56 29 31 30
49 13 34 32 42 31
50 16 34 32 33 31
51 30 42 32 33 31
52 11 34 32 42 33
53 4 32 34 37 35
54 4 32 34 37 36
55 6 32 34 35 36
56 6 37 34 35 36
57 8 34 37 39 54
58 9 34 37 39 38
59 11 34 37 54 38
60 11 39 37 54 38
61 4 37 39 42 40
62 4 37 39 42 41
63 6 37 39 40 41
64 6 42 39 40 41
65 10 39 42 44 32
66 11 39 42 44 43
67 11 39 42 32 43
68 23 44 42 32 43
69 10 46 44 54 42
70 14 46 44 45 42
71 23 42 44 54 45
72 11 46 44 54 45
73 4 44 46 49 47
74 4 44 46 49 48
75 6 44 46 47 48
76 6 49 46 47 48
77 17 46 49 51 52
78 18 46 49 51 50
79 11 46 49 52 50
80 29 52 49 50 51
81 24 54 52 49 51
82 29 54 52 53 51
83 29 49 52 53 51
84 23 54 52 49 53
85 21 52 54 37 44
86 23 52 54 37 55
87 23 52 54 44 55
88 23 37 54 44 55
89 4 29 56 59 57
90 4 29 56 59 58
91 6 29 56 57 58
92 6 59 56 57 58
93 10 56 59 61 68
94 11 56 59 61 60
95 11 56 59 68 60
96 23 61 59 68 60
97 10 63 61 72 59
98 14 63 61 62 59
99 23 59 61 72 62
100 11 63 61 72 62
101 4 61 63 66 64
102 4 61 63 66 65
103 6 61 63 64 65
104 6 66 63 64 65
105 10 63 66 70 68
106 11 63 66 70 67
107 11 63 66 68 67
108 23 70 66 68 67
109 21 66 68 27 59
110 23 66 68 27 69
111 23 66 68 59 69
112 23 27 68 59 69
113 24 66 70 72 74
114 23 66 70 72 71
115 32 66 70 74 71
116 32 72 70 74 71
117 24 61 72 70 74
118 32 70 72 74 73
119 23 70 72 61 73
120 29 61 72 73 74
