Mody lammps parameter 2023-03-10 23:10:56.135587
74 atoms
85 bonds
186 angles
345 dihedrals
120 impropers

Types

1 8
2 4
3 2
4 5
5 2
6 5
7 2
8 5
9 2
10 5
11 2
12 5
13 6
14 2
15 5
16 1
17 5
18 5
19 2
20 5
21 2
22 5
23 1
24 5
25 5
26 7
27 2
28 5
29 1
30 5
31 5
32 1
33 5
34 5
35 2
36 5
37 2
38 5
39 1
40 5
41 5
42 2
43 5
44 2
45 5
46 2
47 5
48 2
49 5
50 6
51 2
52 5
53 1
54 5
55 5
56 2
57 5
58 2
59 5
60 2
61 5
62 6
63 2
64 5
65 2
66 5
67 6
68 2
69 5
70 1
71 5
72 5
73 2
74 5

Charges

1 -0.5571
2 0.4241
3 0.0800
4 0.0530
5 0.0800
6 0.0530
7 -0.0530
8 0.0530
9 -0.0530
10 0.0530
11 0.0800
12 0.0530
13 -0.2660
14 0.0800
15 0.0530
16 -0.1060
17 0.0530
18 0.0530
19 -0.0530
20 0.0530
21 -0.0530
22 0.0530
23 -0.1060
24 0.0530
25 0.0530
26 -0.2660
27 0.0800
28 0.0530
29 -0.1060
30 0.0530
31 0.0530
32 -0.1060
33 0.0530
34 0.0530
35 -0.0530
36 0.0530
37 -0.0530
38 0.0530
39 -0.1060
40 0.0530
41 0.0530
42 -0.0530
43 0.0530
44 -0.0530
45 0.0530
46 0.0800
47 0.0530
48 0.0800
49 0.0530
50 -0.2660
51 -0.0530
52 0.0530
53 -0.1060
54 0.0530
55 0.0530
56 -0.0530
57 0.0530
58 0.0800
59 0.0530
60 0.0800
61 0.0530
62 -0.2660
63 -0.0530
64 0.0530
65 0.0800
66 0.0530
67 -0.2660
68 0.0800
69 0.0530
70 -0.1060
71 0.0530
72 0.0530
73 -0.0530
74 0.0530

Coords

1 56.3627434873 15.3721323367 32.6861422099
2 55.4678229784 15.5522036345 32.4131858348
3 56.9612443321 16.4514780384 33.3246360800
4 56.1309258880 16.9213891063 33.8822487846
5 57.5070390202 17.4036821912 32.2415490827
6 57.6674523925 16.9091236018 31.2638614516
7 58.8851638220 17.8504811877 32.8927818101
8 59.4128755220 18.5574209327 32.1766754870
9 58.5848977608 18.4669670022 34.2405451678
10 57.6073157591 18.9442433719 34.1014227699
11 59.5989328006 19.4197179298 34.7779656632
12 59.4470939733 20.5201182679 34.7415391871
13 60.9721354418 18.9548128656 34.4110599100
14 60.4357316854 18.7294155809 35.7793828335
15 60.9406411834 19.0624417918 36.6988157660
16 59.8694731709 17.3091223094 36.0332983687
17 59.7326670413 17.0346959664 37.0928281539
18 60.6079774608 16.6139646405 35.6173691390
19 58.5504419724 17.2321996727 35.1752082064
20 57.7080631065 17.3712695044 35.8279448810
21 58.2417081719 16.0682759996 34.1496705747
22 58.1750334960 15.0574204136 34.4547433035
23 59.3881955338 16.4059543563 33.1335370823
24 59.3548062464 15.7848821634 32.2118356522
25 60.4286984214 16.2880227980 33.4886553394
26 56.5136955557 18.4500832934 32.2234936001
27 56.5475298211 19.2422755410 31.0867329779
28 57.1376842633 18.7175478857 30.3390982442
29 57.2859883392 20.5597592252 31.2550508666
30 58.2659799131 20.4720947585 30.6443668259
31 57.6054141330 20.7635132968 32.2747531429
32 56.4630628457 21.6537173226 30.6562379841
33 57.1342186757 22.3773535223 30.1339479728
34 55.8545942838 22.2168897246 31.4327888195
35 55.3328479356 20.9085917979 29.8498022531
36 54.5379250140 21.6651680813 29.6966139741
37 55.3200350146 20.0700716608 28.4600817482
38 56.1054000699 20.2669272405 27.7844371551
39 55.1720857154 18.5581154986 28.7572938448
40 56.1062149740 17.9545272139 28.9758691501
41 54.7404740932 18.0533157652 27.9469276590
42 54.1672148553 18.7625237042 29.8011056586
43 53.6962151186 17.9386269133 30.4110149638
44 55.0176649978 19.6933608143 30.7105570164
45 54.5387453559 19.8661970720 31.7295318310
46 53.1118711449 19.6615935752 29.0583933484
47 52.0982271164 19.9724315329 29.4425858781
48 53.8764092370 20.4630611059 28.0219728254
49 53.4461954760 21.4194570613 27.7911721052
50 53.0197650821 19.3407636096 27.6354195038
51 44.0302503745 9.3440389334 15.4997754995
52 44.9811417917 8.7962239384 15.3817388448
53 42.9426049808 9.3696945771 14.4000276215
54 43.2142111903 9.7254281347 13.4124485524
55 42.7232802514 8.3206935113 14.0869761905
56 41.9019420229 10.2226388873 15.2490786649
57 40.9753301674 10.5105681351 14.7342793710
58 42.8077590029 11.4796830468 15.4766379810
59 42.4897874353 12.3595019210 14.8424547288
60 44.1641185380 10.9656449230 15.5465923379
61 45.0443996924 11.3988932337 15.2176491069
62 43.5627057757 11.6864017301 16.6761197560
63 41.6683247921 9.0979152614 16.2575762742
64 41.1869921001 8.2945635149 15.7163100741
65 40.9621637588 9.2786359638 17.5866606921
66 39.9249968738 8.9496009013 17.6952116366
67 41.2907006437 10.5146899161 18.2988432846
68 41.8993481268 9.2644306297 18.7483240363
69 41.6126233665 8.9095063444 19.7761481507
70 43.3473996585 8.9354503740 18.1812809669
71 43.6220143537 7.9895989213 18.6619191294
72 43.9743057486 9.8337282151 18.3417772820
73 43.1800908475 8.7061857561 16.6411918095
74 43.2814248019 7.6682802815 16.3343551543

Bonds

1 10 3 1
2 14 2 1
3 5 3 5
4 5 3 21
5 7 3 4
6 9 5 26
7 5 5 7
8 7 5 6
9 5 7 9
10 2 23 7
11 7 7 8
12 5 9 11
13 5 9 19
14 7 9 10
15 8 11 13
16 5 11 14
17 7 11 12
18 8 14 13
19 2 16 14
20 7 14 15
21 2 16 19
22 4 16 17
23 4 16 18
24 5 19 21
25 7 19 20
26 2 23 21
27 7 21 22
28 4 23 24
29 4 23 25
30 9 27 26
31 2 29 27
32 5 27 44
33 7 27 28
34 1 29 32
35 4 29 30
36 4 29 31
37 2 32 35
38 4 32 33
39 4 32 34
40 5 35 37
41 5 35 44
42 7 35 36
43 2 39 37
44 5 37 48
45 7 37 38
46 2 39 42
47 4 39 40
48 4 39 41
49 5 42 46
50 5 42 44
51 7 42 43
52 7 44 45
53 5 46 48
54 8 46 50
55 7 46 47
56 8 48 50
57 7 48 49
58 2 53 51
59 5 51 60
60 5 51 73
61 7 51 52
62 2 53 56
63 4 53 54
64 4 53 55
65 5 56 63
66 5 56 58
67 7 56 57
68 5 58 60
69 8 58 62
70 7 58 59
71 8 60 62
72 7 60 61
73 5 63 65
74 5 63 73
75 7 63 64
76 8 65 67
77 5 65 68
78 7 65 66
79 8 68 67
80 2 70 68
81 7 68 69
82 2 70 73
83 4 70 71
84 4 70 72
85 7 73 74

Angles

1 19 5 3 1
2 19 21 3 1
3 34 4 3 1
4 25 3 1 2
5 18 3 5 26
6 14 3 5 7
7 16 3 5 6
8 14 3 21 19
9 4 23 21 3
10 16 3 21 22
11 16 5 3 4
12 16 21 3 4
13 14 5 3 21
14 24 5 26 27
15 14 5 7 9
16 4 23 7 5
17 16 5 7 8
18 33 6 5 26
19 16 7 5 6
20 18 7 5 26
21 14 7 9 11
22 14 7 9 19
23 16 7 9 10
24 11 7 23 21
25 13 7 23 24
26 13 7 23 25
27 16 9 7 8
28 5 23 7 8
29 4 23 7 9
30 17 9 11 13
31 14 9 11 14
32 16 9 11 12
33 4 16 19 9
34 14 9 19 21
35 16 9 19 20
36 16 11 9 10
37 16 19 9 10
38 14 11 9 19
39 23 11 13 14
40 17 11 14 13
41 4 16 14 11
42 16 11 14 15
43 32 12 11 13
44 16 14 11 12
45 17 14 11 13
46 6 16 14 13
47 32 15 14 13
48 11 14 16 19
49 13 14 16 17
50 13 14 16 18
51 5 16 14 15
52 4 16 19 21
53 5 16 19 20
54 13 19 16 17
55 31 17 16 18
56 13 19 16 18
57 4 23 21 19
58 16 19 21 22
59 16 21 19 20
60 13 21 23 24
61 13 21 23 25
62 5 23 21 22
63 31 24 23 25
64 7 29 27 26
65 18 44 27 26
66 33 28 27 26
67 1 32 29 27
68 13 27 29 30
69 13 27 29 31
70 14 27 44 42
71 14 27 44 35
72 16 27 44 45
73 5 29 27 28
74 16 44 27 28
75 4 29 27 44
76 1 29 32 35
77 2 29 32 33
78 2 29 32 34
79 2 32 29 30
80 31 30 29 31
81 2 32 29 31
82 4 32 35 37
83 4 32 35 44
84 5 32 35 36
85 13 35 32 33
86 31 33 32 34
87 13 35 32 34
88 4 39 37 35
89 14 35 37 48
90 16 35 37 38
91 14 35 44 42
92 16 35 44 45
93 16 37 35 36
94 16 44 35 36
95 14 37 35 44
96 11 37 39 42
97 13 37 39 40
98 13 37 39 41
99 14 37 48 46
100 17 37 48 50
101 16 37 48 49
102 5 39 37 38
103 16 48 37 38
104 4 39 37 48
105 4 39 42 46
106 4 39 42 44
107 5 39 42 43
108 13 42 39 40
109 31 40 39 41
110 13 42 39 41
111 14 42 46 48
112 17 42 46 50
113 16 42 46 47
114 16 42 44 45
115 16 46 42 43
116 16 44 42 43
117 14 44 42 46
118 17 46 48 50
119 16 46 48 49
120 23 46 50 48
121 16 48 46 47
122 32 47 46 50
123 17 48 46 50
124 32 49 48 50
125 11 51 53 56
126 13 51 53 54
127 13 51 53 55
128 14 51 60 58
129 17 51 60 62
130 16 51 60 61
131 4 70 73 51
132 14 51 73 63
133 16 51 73 74
134 5 53 51 52
135 16 60 51 52
136 16 73 51 52
137 4 53 51 60
138 4 53 51 73
139 4 53 56 63
140 4 53 56 58
141 5 53 56 57
142 13 56 53 54
143 31 54 53 55
144 13 56 53 55
145 14 56 63 65
146 14 56 63 73
147 16 56 63 64
148 14 56 58 60
149 17 56 58 62
150 16 56 58 59
151 16 63 56 57
152 16 58 56 57
153 14 58 56 63
154 17 58 60 62
155 16 58 60 61
156 23 58 62 60
157 16 60 58 59
158 32 59 58 62
159 17 60 58 62
160 14 60 51 73
161 32 61 60 62
162 17 63 65 67
163 14 63 65 68
164 16 63 65 66
165 4 70 73 63
166 16 63 73 74
167 16 65 63 64
168 16 73 63 64
169 14 65 63 73
170 23 65 67 68
171 17 65 68 67
172 4 70 68 65
173 16 65 68 69
174 32 66 65 67
175 16 68 65 66
176 17 68 65 67
177 6 70 68 67
178 32 69 68 67
179 11 68 70 73
180 13 68 70 71
181 13 68 70 72
182 5 70 68 69
183 5 70 73 74
184 13 73 70 71
185 31 71 70 72
186 13 73 70 72

Dihedrals

1 68 26 5 3 1
2 35 7 5 3 1
3 62 6 5 3 1
4 35 19 21 3 1
5 12 23 21 3 1
6 62 22 21 3 1
7 41 5 3 1 2
8 41 21 3 1 2
9 52 2 1 3 4
10 40 3 5 26 27
11 30 3 5 7 9
12 7 23 7 5 3
13 32 3 5 7 8
14 7 16 19 21 3
15 30 3 21 19 9
16 32 3 21 19 20
17 21 7 23 21 3
18 29 3 21 23 24
19 29 3 21 23 25
20 61 4 3 5 26
21 32 7 5 3 4
22 59 4 3 5 6
23 32 19 21 3 4
24 9 23 21 3 4
25 59 4 3 21 22
26 30 5 3 21 19
27 7 23 21 3 5
28 32 5 3 21 22
29 14 29 27 26 5
30 40 44 27 26 5
31 46 5 26 27 28
32 30 5 7 9 11
33 30 5 7 9 19
34 32 5 7 9 10
35 21 21 23 7 5
36 29 5 7 23 24
37 29 5 7 23 25
38 32 21 3 5 6
39 46 27 26 5 6
40 32 9 7 5 6
41 9 23 7 5 6
42 59 6 5 7 8
43 30 7 5 3 21
44 40 7 5 26 27
45 33 7 9 11 13
46 30 7 9 11 14
47 32 7 9 11 12
48 7 16 19 9 7
49 30 7 9 19 21
50 32 7 9 19 20
51 21 7 23 21 19
52 22 7 23 21 22
53 61 8 7 5 26
54 32 11 9 7 8
55 32 19 9 7 8
56 59 8 7 9 10
57 22 21 23 7 8
58 54 24 23 7 8
59 54 25 23 7 8
60 34 9 7 5 26
61 21 21 23 7 9
62 29 9 7 23 24
63 29 9 7 23 25
64 39 9 11 13 14
65 33 9 11 14 13
66 7 16 14 11 9
67 32 9 11 14 15
68 21 14 16 19 9
69 29 9 19 16 17
70 29 9 19 16 18
71 7 23 21 19 9
72 32 9 19 21 22
73 9 23 7 9 10
74 60 10 9 11 13
75 32 14 11 9 10
76 59 10 9 11 12
77 9 16 19 9 10
78 32 21 19 9 10
79 59 10 9 19 20
80 7 23 7 9 11
81 7 16 19 9 11
82 30 11 9 19 21
83 32 11 9 19 20
84 13 16 14 13 11
85 45 11 13 14 15
86 21 19 16 14 11
87 29 11 14 16 17
88 29 11 14 16 18
89 32 19 9 11 12
90 45 14 13 11 12
91 60 12 11 14 13
92 9 16 14 11 12
93 59 12 11 14 15
94 33 19 9 11 13
95 10 16 14 11 13
96 60 15 14 11 13
97 23 19 16 14 13
98 55 17 16 14 13
99 55 18 16 14 13
100 21 14 16 19 21
101 22 14 16 19 20
102 30 14 11 9 19
103 22 19 16 14 15
104 54 17 16 14 15
105 54 18 16 14 15
106 6 16 19 21 23
107 9 16 19 21 22
108 29 21 19 16 17
109 54 17 16 19 20
110 29 21 19 16 18
111 54 18 16 19 20
112 29 19 21 23 24
113 29 19 21 23 25
114 7 23 7 9 19
115 9 23 21 19 20
116 59 20 19 21 22
117 34 21 3 5 26
118 54 24 23 21 22
119 54 25 23 21 22
120 11 23 7 5 26
121 3 32 29 27 26
122 56 30 29 27 26
123 56 31 29 27 26
124 34 42 44 27 26
125 34 35 44 27 26
126 61 45 44 27 26
127 19 27 29 32 35
128 20 27 29 32 33
129 20 27 29 32 34
130 7 39 42 44 27
131 30 27 44 42 46
132 32 27 44 42 43
133 7 32 35 44 27
134 30 27 44 35 37
135 32 27 44 35 36
136 2 32 29 27 28
137 54 30 29 27 28
138 54 31 29 27 28
139 32 42 44 27 28
140 32 35 44 27 28
141 59 28 27 44 45
142 7 29 27 44 42
143 7 29 27 44 35
144 9 29 27 44 45
145 1 29 32 35 37
146 1 29 32 35 44
147 2 29 32 35 36
148 29 44 27 29 30
149 20 35 32 29 30
150 53 30 29 32 33
151 53 30 29 32 34
152 29 44 27 29 31
153 20 35 32 29 31
154 53 31 29 32 33
155 53 31 29 32 34
156 1 32 29 27 44
157 6 32 35 37 39
158 7 32 35 37 48
159 9 32 35 37 38
160 7 32 35 44 42
161 9 32 35 44 45
162 29 37 35 32 33
163 29 44 35 32 33
164 54 33 32 35 36
165 29 37 35 32 34
166 29 44 35 32 34
167 54 34 32 35 36
168 21 42 39 37 35
169 29 35 37 39 40
170 29 35 37 39 41
171 30 35 37 48 46
172 33 35 37 48 50
173 32 35 37 48 49
174 7 39 42 44 35
175 30 35 44 42 46
176 32 35 44 42 43
177 9 39 37 35 36
178 32 48 37 35 36
179 59 36 35 37 38
180 32 42 44 35 36
181 59 36 35 44 45
182 30 37 35 44 42
183 32 37 35 44 45
184 21 37 39 42 46
185 21 37 39 42 44
186 22 37 39 42 43
187 30 37 48 46 42
188 33 37 48 46 50
189 32 37 48 46 47
190 39 37 48 50 46
191 32 44 35 37 38
192 22 42 39 37 38
193 54 40 39 37 38
194 54 41 39 37 38
195 32 46 48 37 38
196 60 38 37 48 50
197 59 38 37 48 49
198 7 39 37 35 44
199 7 39 37 48 46
200 10 39 37 48 50
201 9 39 37 48 49
202 7 39 42 46 48
203 10 39 42 46 50
204 9 39 42 46 47
205 9 39 42 44 45
206 29 48 37 39 40
207 29 46 42 39 40
208 29 44 42 39 40
209 54 40 39 42 43
210 29 48 37 39 41
211 29 46 42 39 41
212 29 44 42 39 41
213 54 41 39 42 43
214 21 42 39 37 48
215 33 42 46 48 50
216 32 42 46 48 49
217 39 42 46 50 48
218 32 48 46 42 43
219 60 43 42 46 50
220 59 43 42 46 47
221 59 43 42 44 45
222 30 44 42 46 48
223 33 44 42 46 50
224 32 44 42 46 47
225 30 44 35 37 48
226 32 46 42 44 45
227 45 46 50 48 49
228 60 47 46 48 50
229 59 47 46 48 49
230 45 48 50 46 47
231 60 49 48 46 50
232 21 51 53 56 63
233 21 51 53 56 58
234 22 51 53 56 57
235 30 51 60 58 56
236 33 51 60 58 62
237 32 51 60 58 59
238 39 51 60 62 58
239 21 68 70 73 51
240 29 51 73 70 71
241 29 51 73 70 72
242 30 51 73 63 56
243 30 51 73 63 65
244 32 51 73 63 64
245 22 56 53 51 52
246 54 54 53 51 52
247 54 55 53 51 52
248 32 58 60 51 52
249 60 52 51 60 62
250 59 52 51 60 61
251 9 70 73 51 52
252 32 63 73 51 52
253 59 52 51 73 74
254 7 53 51 60 58
255 10 53 51 60 62
256 9 53 51 60 61
257 6 53 51 73 70
258 7 53 51 73 63
259 9 53 51 73 74
260 7 53 56 63 65
261 7 53 56 63 73
262 9 53 56 63 64
263 7 53 56 58 60
264 10 53 56 58 62
265 9 53 56 58 59
266 29 60 51 53 54
267 29 73 51 53 54
268 29 63 56 53 54
269 29 58 56 53 54
270 54 54 53 56 57
271 29 60 51 53 55
272 29 73 51 53 55
273 29 63 56 53 55
274 29 58 56 53 55
275 54 55 53 56 57
276 21 56 53 51 60
277 21 56 53 51 73
278 33 56 63 65 67
279 30 56 63 65 68
280 32 56 63 65 66
281 7 70 73 63 56
282 32 56 63 73 74
283 33 56 58 60 62
284 32 56 58 60 61
285 39 56 58 62 60
286 32 65 63 56 57
287 32 73 63 56 57
288 59 57 56 63 64
289 32 60 58 56 57
290 60 57 56 58 62
291 59 57 56 58 59
292 30 58 56 63 65
293 30 58 56 63 73
294 32 58 56 63 64
295 30 58 60 51 73
296 45 58 62 60 61
297 32 63 56 58 59
298 60 59 58 60 62
299 59 59 58 60 61
300 45 60 62 58 59
301 30 60 58 56 63
302 7 70 73 51 60
303 30 60 51 73 63
304 32 60 51 73 74
305 60 61 60 58 62
306 32 73 51 60 61
307 33 73 51 60 62
308 33 63 56 58 62
309 39 63 65 67 68
310 33 63 65 68 67
311 7 70 68 65 63
312 32 63 65 68 69
313 21 68 70 73 63
314 29 63 73 70 71
315 29 63 73 70 72
316 60 64 63 65 67
317 32 68 65 63 64
318 59 64 63 65 66
319 9 70 73 63 64
320 59 64 63 73 74
321 7 70 73 63 65
322 32 65 63 73 74
323 13 70 68 67 65
324 45 65 67 68 69
325 21 73 70 68 65
326 29 65 68 70 71
327 29 65 68 70 72
328 32 73 63 65 66
329 45 68 67 65 66
330 60 66 65 68 67
331 9 70 68 65 66
332 59 66 65 68 69
333 33 73 63 65 67
334 10 70 68 65 67
335 60 69 68 65 67
336 23 73 70 68 67
337 55 71 70 68 67
338 55 72 70 68 67
339 22 68 70 73 74
340 30 68 65 63 73
341 22 73 70 68 69
342 54 71 70 68 69
343 54 72 70 68 69
344 54 71 70 73 74
345 54 72 70 73 74

Impropers

1 26 5 3 21 1
2 31 5 3 4 1
3 31 21 3 4 1
4 23 5 3 21 4
5 25 7 5 3 26
6 33 3 5 26 6
7 23 3 5 7 6
8 30 7 5 6 26
9 10 23 7 5 9
10 23 5 7 9 8
11 14 23 7 8 5
12 14 23 7 8 9
13 21 7 9 11 19
14 23 7 9 11 10
15 23 7 9 19 10
16 23 11 9 19 10
17 24 14 11 9 13
18 32 9 11 13 12
19 23 9 11 14 12
20 29 14 11 12 13
21 12 16 14 11 13
22 15 16 14 15 13
23 29 11 14 15 13
24 11 16 14 11 15
25 4 14 16 19 17
26 4 14 16 19 18
27 6 14 16 17 18
28 6 19 16 17 18
29 10 16 19 21 9
30 11 16 19 21 20
31 11 16 19 9 20
32 23 21 19 9 20
33 10 23 21 3 19
34 14 23 21 22 19
35 23 19 21 3 22
36 11 23 21 3 22
37 4 21 23 7 24
38 4 21 23 7 25
39 6 21 23 24 25
40 6 7 23 24 25
41 13 29 27 44 26
42 16 29 27 28 26
43 30 44 27 28 26
44 11 29 27 44 28
45 2 32 29 30 27
46 2 32 29 31 27
47 6 27 29 30 31
48 3 32 29 30 31
49 1 29 32 35 33
50 1 29 32 35 34
51 3 29 32 33 34
52 6 35 32 33 34
53 10 32 35 37 44
54 11 32 35 37 36
55 11 32 35 44 36
56 23 37 35 44 36
57 10 39 37 48 35
58 14 39 37 38 35
59 23 35 37 48 38
60 11 39 37 48 38
61 4 37 39 42 40
62 4 37 39 42 41
63 6 37 39 40 41
64 6 42 39 40 41
65 10 39 42 46 44
66 11 39 42 46 43
67 11 39 42 44 43
68 23 46 42 44 43
69 21 42 44 27 35
70 23 42 44 27 45
71 23 42 44 35 45
72 23 27 44 35 45
73 24 42 46 48 50
74 23 42 46 48 47
75 32 42 46 50 47
76 32 48 46 50 47
77 24 37 48 46 50
78 32 46 48 50 49
79 23 46 48 37 49
80 29 37 48 49 50
81 10 53 51 60 73
82 11 53 51 60 52
83 11 53 51 73 52
84 23 60 51 73 52
85 4 51 53 56 54
86 4 51 53 56 55
87 6 51 53 54 55
88 6 56 53 54 55
89 10 53 56 63 58
90 11 53 56 63 57
91 11 53 56 58 57
92 23 63 56 58 57
93 24 56 58 60 62
94 23 56 58 60 59
95 32 56 58 62 59
96 32 60 58 62 59
97 24 51 60 58 62
98 32 58 60 62 61
99 23 58 60 51 61
100 29 51 60 61 62
101 21 56 63 65 73
102 23 56 63 65 64
103 23 56 63 73 64
104 23 65 63 73 64
105 24 68 65 63 67
106 32 63 65 67 66
107 23 63 65 68 66
108 29 68 65 66 67
109 12 70 68 65 67
110 15 70 68 69 67
111 29 65 68 69 67
112 11 70 68 65 69
113 4 68 70 73 71
114 4 68 70 73 72
115 6 68 70 71 72
116 6 73 70 71 72
117 10 70 73 63 51
118 11 70 73 63 74
119 11 70 73 51 74
120 23 63 73 51 74
