delete edged atoms 
28 atoms
30 bonds
59 angles
94 dihedrals
36 impropers

Types

1	2
2	7
3	2
4	5
5	2
6	5
7	7
8	2
9	5
10	2
11	5
12	2
13	2
14	1
15	1
16	5
17	5
18	2
19	5
20	2
21	5
22	3
23	2
24	2
25	5
26	1
27	5
28	5

Charges

1	0.0800
2	-0.2660
3	0.0800
4	0.0530
5	0.0800
6	0.0530
7	-0.2660
8	0.0800
9	0.0530
10	-0.0530
11	0.0530
12	-0.0530
13	-0.0530
14	-0.1060
15	-0.1060
16	0.0530
17	0.0530
18	-0.0530
19	0.0530
20	-0.0530
21	0.0530
22	0.0800
23	-0.0530
24	-0.0530
25	0.0530
26	-0.1060
27	0.0530
28	0.0530

Coords

1	2.7442672582	7.5287555067	18.9423584528
2	3.6996660360	8.6867704465	18.9547061624
3	3.4269715147	9.7589073163	19.9746303335
4	2.8953091848	9.1418510409	20.7205676875
5	4.4245443658	10.3104203099	20.9880742405
6	5.3823166260	10.6036406922	20.5484589764
7	4.5163275655	9.5710069495	22.2017501480
8	5.7898322898	9.0584999593	22.3117272430
9	6.5386050041	9.8517471816	22.2201855677
10	5.8877795436	8.5945196751	23.7273068872
11	5.3806654348	7.6516946880	23.8195194825
12	5.8056454113	9.5756907765	24.9399718228
13	7.3190691037	8.1067670441	23.8421310495
14	7.6929784281	7.7239271495	22.3170086116
15	6.4039448858	7.8925638619	21.5028430919
16	5.8369557804	7.0003250176	21.5656839436
17	6.5781042892	8.0152952503	20.3727345142
18	3.4561429531	11.5220372385	21.2263591469
19	3.6620302008	12.2137269699	22.0527751797
20	1.7639905614	11.2005556029	21.0911399195
21	1.3527115378	12.3150070798	20.8817683056
22	0.5098902153	11.1107824149	22.0421142638
23	1.3461783998	10.1623953458	19.6923145121
24	2.4313466178	11.0807154285	19.7403257135
25	2.2011669350	11.2809343017	18.6694187853
26	3.5559707550	12.0254129718	19.7356273034
27	4.5161248715	11.9396574946	19.1892405074
28	3.2206196542	13.0068528091	19.5137738759

Bonds

1	9	1	2
2	9	3	2
3	5	3	5
4	5	3	24
5	7	3	4
6	5	5	18
7	9	5	7
8	7	5	6
9	9	8	7
10	5	8	10
11	2	15	8
12	7	8	9
13	5	10	12
14	5	10	13
15	7	10	11
16	2	14	13
17	1	14	15
18	4	15	16
19	4	15	17
20	5	18	20
21	2	26	18
22	7	18	19
23	5	20	22
24	5	20	23
25	7	20	21
26	5	23	24
27	2	26	24
28	7	24	25
29	4	26	27
30	4	26	28

Angles

1	24	1	2	3
2	18	5	3	2
3	18	24	3	2
4	33	4	3	2
5	14	3	5	18
6	18	3	5	7
7	16	3	5	6
8	14	3	24	23
9	4	26	24	3
10	16	3	24	25
11	16	5	3	4
12	16	24	3	4
13	14	5	3	24
14	14	5	18	20
15	4	26	18	5
16	16	5	18	19
17	24	5	7	8
18	16	18	5	6
19	33	6	5	7
20	18	18	5	7
21	18	10	8	7
22	7	15	8	7
23	33	9	8	7
24	14	8	10	12
25	14	8	10	13
26	16	8	10	11
27	1	14	15	8
28	13	8	15	16
29	13	8	15	17
30	16	10	8	9
31	5	15	8	9
32	4	15	8	10
33	4	14	13	10
34	16	12	10	11
35	16	13	10	11
36	14	12	10	13
37	1	15	14	13
38	2	14	15	16
39	2	14	15	17
40	31	16	15	17
41	14	18	20	22
42	14	18	20	23
43	16	18	20	21
44	11	18	26	24
45	13	18	26	27
46	13	18	26	28
47	16	20	18	19
48	5	26	18	19
49	4	26	18	20
50	14	20	23	24
51	16	22	20	21
52	16	23	20	21
53	14	22	20	23
54	4	26	24	23
55	16	23	24	25
56	13	24	26	27
57	13	24	26	28
58	5	26	24	25
59	31	27	26	28

Dihedrals

1	40	5	3	2	1
2	40	24	3	2	1
3	46	1	2	3	4
4	34	18	5	3	2
5	67	2	3	5	7
6	61	6	5	3	2
7	34	23	24	3	2
8	11	26	24	3	2
9	61	25	24	3	2
10	30	3	5	18	20
11	7	26	18	5	3
12	32	3	5	18	19
13	40	3	5	7	8
14	30	3	24	23	20
15	21	18	26	24	3
16	29	3	24	26	27
17	29	3	24	26	28
18	32	18	5	3	4
19	61	4	3	5	7
20	59	4	3	5	6
21	32	23	24	3	4
22	9	26	24	3	4
23	59	4	3	24	25
24	30	5	3	24	23
25	7	26	24	3	5
26	32	5	3	24	25
27	30	5	18	20	22
28	30	5	18	20	23
29	32	5	18	20	21
30	21	24	26	18	5
31	29	5	18	26	27
32	29	5	18	26	28
33	40	10	8	7	5
34	14	15	8	7	5
35	46	5	7	8	9
36	32	24	3	5	6
37	32	20	18	5	6
38	9	26	18	5	6
39	59	6	5	18	19
40	46	8	7	5	6
41	34	24	3	5	7
42	34	20	18	5	7
43	11	26	18	5	7
44	61	19	18	5	7
45	34	12	10	8	7
46	34	13	10	8	7
47	61	11	10	8	7
48	3	14	15	8	7
49	56	16	15	8	7
50	56	17	15	8	7
51	40	18	5	7	8
52	7	14	13	10	8
53	19	8	15	14	13
54	32	12	10	8	9
55	32	13	10	8	9
56	59	9	8	10	11
57	2	14	15	8	9
58	54	16	15	8	9
59	54	17	15	8	9
60	1	14	15	8	10
61	29	10	8	15	16
62	29	10	8	15	17
63	1	15	14	13	10
64	9	15	8	10	11
65	9	14	13	10	11
66	7	15	8	10	12
67	7	14	13	10	12
68	20	13	14	15	16
69	20	13	14	15	17
70	7	15	8	10	13
71	30	18	5	3	24
72	30	18	20	23	24
73	21	18	26	24	23
74	22	18	26	24	25
75	32	22	20	18	19
76	32	23	20	18	19
77	59	19	18	20	21
78	22	24	26	18	19
79	54	27	26	18	19
80	54	28	26	18	19
81	21	24	26	18	20
82	29	20	18	26	27
83	29	20	18	26	28
84	7	26	24	23	20
85	32	20	23	24	25
86	9	26	18	20	21
87	32	24	23	20	21
88	7	26	18	20	22
89	30	22	20	23	24
90	29	23	24	26	27
91	29	23	24	26	28
92	7	26	18	20	23
93	54	27	26	24	25
94	54	28	26	24	25

Impropers

1	25	5	3	24	2
2	30	5	3	4	2
3	30	24	3	4	2
4	23	5	3	24	4
5	25	3	5	18	7
6	23	3	5	18	6
7	33	3	5	7	6
8	33	18	5	7	6
9	19	15	8	7	10
10	30	10	8	9	7
11	16	15	8	9	7
12	14	15	8	9	10
13	21	8	10	12	13
14	23	8	10	12	11
15	23	8	10	13	11
16	23	12	10	13	11
17	1	14	15	8	16
18	1	14	15	8	17
19	3	14	15	16	17
20	6	8	15	16	17
21	10	26	18	5	20
22	23	5	18	20	19
23	14	26	18	19	5
24	14	26	18	19	20
25	21	18	20	22	23
26	23	18	20	22	21
27	23	18	20	23	21
28	23	22	20	23	21
29	10	26	24	3	23
30	14	26	24	25	23
31	23	23	24	3	25
32	11	26	24	3	25
33	4	24	26	18	27
34	4	24	26	18	28
35	6	24	26	27	28
36	6	18	26	27	28