delete edged atoms 
28 atoms
30 bonds
59 angles
91 dihedrals
36 impropers

Types

1	2
2	7
3	2
4	5
5	1
6	5
7	5
8	2
9	5
10	2
11	5
12	3
13	2
14	2
15	5
16	1
17	5
18	5
19	2
20	2
21	5
22	2
23	5
24	6
25	2
26	5
27	1
28	2

Charges

1	0.0800
2	-0.2660
3	0.0800
4	0.0530
5	-0.1060
6	0.0530
7	0.0530
8	-0.0530
9	0.0530
10	-0.0530
11	0.0530
12	0.0800
13	-0.0530
14	-0.0530
15	0.0530
16	-0.1060
17	0.0530
18	0.0530
19	-0.0530
20	-0.0530
21	0.0530
22	0.0800
23	0.0530
24	-0.2660
25	0.0800
26	0.0530
27	-0.1060
28	-0.0530

Coords

1	21.0417133234	17.8117437497	57.1620334221
2	22.2994776223	17.1255127004	57.4908772803
3	22.6125756210	16.7021444383	58.7934955050
4	21.9349074456	15.8901022173	59.2103631234
5	22.7800154927	17.7975498841	59.8550037394
6	22.3757790940	18.7935660943	59.5510594027
7	22.3110526863	17.5011135768	60.7429609122
8	24.3033290100	17.9266756669	60.0140681128
9	24.6557793389	18.5438571754	60.8598226008
10	24.9337104462	18.3534105310	58.6026716028
11	24.1254659959	18.8817792504	58.1188640267
12	26.1042467079	19.1964165605	58.0496138777
13	25.1302100424	16.9322381451	57.9912861363
14	24.0577907421	16.0750338361	58.7566587917
15	23.9920235897	15.0009755139	58.5582688925
16	24.6396004114	16.4062294652	60.2038696791
17	24.0049222491	16.0141468555	61.0731802112
18	25.6488636876	16.0691589300	60.3819559880
19	44.1960847985	66.1011901535	37.8468793865
20	44.4514410929	67.0013612195	36.6144967890
21	43.4493023772	67.2673959476	36.1668800653
22	45.1875197219	66.2724512471	35.4523685015
23	44.8115975961	65.2361421303	35.2245574446
24	45.3565741261	67.1756402233	34.3753581045
25	46.4644829482	66.9504971381	35.2832396695
26	47.4039389085	66.5741106213	34.9216473549
27	46.4888740850	68.2336990940	36.1923598882
28	45.2882161473	68.1659021855	37.1005012628

Bonds

1	9	1	2
2	9	3	2
3	2	5	3
4	5	3	14
5	7	3	4
6	2	5	8
7	4	5	6
8	4	5	7
9	5	8	10
10	2	16	8
11	7	8	9
12	6	10	12
13	5	10	13
14	7	10	11
15	5	13	14
16	2	16	14
17	7	14	15
18	4	16	17
19	4	16	18
20	5	19	20
21	5	20	22
22	5	20	28
23	7	20	21
24	8	22	24
25	5	22	25
26	7	22	23
27	8	25	24
28	2	27	25
29	7	25	26
30	2	27	28

Angles

1	24	1	2	3
2	7	5	3	2
3	18	14	3	2
4	33	4	3	2
5	11	3	5	8
6	13	3	5	6
7	13	3	5	7
8	14	3	14	13
9	4	16	14	3
10	16	3	14	15
11	5	5	3	4
12	16	14	3	4
13	4	5	3	14
14	4	5	8	10
15	3	5	8	16
16	5	5	8	9
17	13	8	5	6
18	31	6	5	7
19	13	8	5	7
20	15	8	10	12
21	14	8	10	13
22	16	8	10	11
23	11	8	16	14
24	13	8	16	17
25	13	8	16	18
26	16	10	8	9
27	5	16	8	9
28	4	16	8	10
29	14	10	13	14
30	27	12	10	11
31	16	13	10	11
32	15	13	10	12
33	4	16	14	13
34	16	13	14	15
35	13	14	16	17
36	13	14	16	18
37	5	16	14	15
38	31	17	16	18
39	14	19	20	22
40	14	19	20	28
41	16	19	20	21
42	17	20	22	24
43	14	20	22	25
44	16	20	22	23
45	4	27	28	20
46	16	22	20	21
47	16	28	20	21
48	14	22	20	28
49	23	22	24	25
50	17	22	25	24
51	4	27	25	22
52	16	22	25	26
53	32	23	22	24
54	16	25	22	23
55	17	25	22	24
56	6	27	25	24
57	32	26	25	24
58	11	25	27	28
59	5	27	25	26

Dihedrals

1	14	5	3	2	1
2	40	14	3	2	1
3	46	1	2	3	4
4	24	8	5	3	2
5	56	6	5	3	2
6	56	7	5	3	2
7	34	13	14	3	2
8	11	16	14	3	2
9	61	15	14	3	2
10	21	3	5	8	10
11	4	16	8	5	3
12	22	3	5	8	9
13	30	3	14	13	10
14	21	8	16	14	3
15	29	3	14	16	17
16	29	3	14	16	18
17	22	8	5	3	4
18	54	6	5	3	4
19	54	7	5	3	4
20	32	13	14	3	4
21	9	16	14	3	4
22	59	4	3	14	15
23	7	5	3	14	13
24	6	5	3	14	16
25	9	5	3	14	15
26	8	5	8	10	12
27	7	5	8	10	13
28	9	5	8	10	11
29	4	5	8	16	14
30	5	5	8	16	17
31	5	5	8	16	18
32	29	14	3	5	6
33	29	10	8	5	6
34	5	16	8	5	6
35	54	6	5	8	9
36	29	14	3	5	7
37	29	10	8	5	7
38	5	16	8	5	7
39	54	7	5	8	9
40	21	8	5	3	14
41	30	8	10	13	14
42	21	8	16	14	13
43	22	8	16	14	15
44	48	12	10	8	9
45	32	13	10	8	9
46	59	9	8	10	11
47	22	14	16	8	9
48	54	17	16	8	9
49	54	18	16	8	9
50	21	14	16	8	10
51	29	10	8	16	17
52	29	10	8	16	18
53	7	16	14	13	10
54	32	10	13	14	15
55	9	16	8	10	11
56	32	14	13	10	11
57	8	16	8	10	12
58	31	14	13	10	12
59	29	13	14	16	17
60	29	13	14	16	18
61	7	16	8	10	13
62	54	17	16	14	15
63	54	18	16	14	15
64	33	19	20	22	24
65	30	19	20	22	25
66	32	19	20	22	23
67	7	27	28	20	19
68	39	20	22	24	25
69	33	20	22	25	24
70	7	27	25	22	20
71	32	20	22	25	26
72	21	25	27	28	20
73	60	21	20	22	24
74	32	25	22	20	21
75	59	21	20	22	23
76	9	27	28	20	21
77	7	27	28	20	22
78	13	27	25	24	22
79	45	22	24	25	26
80	21	28	27	25	22
81	32	28	20	22	23
82	45	25	24	22	23
83	60	23	22	25	24
84	9	27	25	22	23
85	59	23	22	25	26
86	33	28	20	22	24
87	10	27	25	22	24
88	60	26	25	22	24
89	23	28	27	25	24
90	30	25	22	20	28
91	22	28	27	25	26

Impropers

1	13	5	3	14	2
2	16	5	3	4	2
3	30	14	3	4	2
4	11	5	3	14	4
5	4	3	5	8	6
6	4	3	5	8	7
7	6	3	5	6	7
8	6	8	5	6	7
9	8	16	8	5	10
10	11	5	8	10	9
11	9	5	8	16	9
12	14	16	8	9	10
13	22	13	10	8	12
14	27	8	10	12	11
15	23	8	10	13	11
16	28	13	10	11	12
17	10	16	14	3	13
18	14	16	14	15	13
19	23	13	14	3	15
20	11	16	14	3	15
21	4	14	16	8	17
22	4	14	16	8	18
23	6	14	16	17	18
24	6	8	16	17	18
25	21	19	20	22	28
26	23	19	20	22	21
27	23	19	20	28	21
28	23	22	20	28	21
29	24	25	22	20	24
30	32	20	22	24	23
31	23	20	22	25	23
32	29	25	22	23	24
33	12	27	25	22	24
34	15	27	25	26	24
35	29	22	25	26	24
36	11	27	25	22	26