Mody lammps parameter 2023-03-10 23:49:55.925252
74 atoms
85 bonds
186 angles
348 dihedrals
120 impropers

Types

1 8
2 4
3 2
4 5
5 2
6 5
7 7
8 2
9 5
10 2
11 5
12 7
13 2
14 5
15 2
16 5
17 2
18 5
19 2
20 5
21 2
22 5
23 6
24 1
25 5
26 5
27 2
28 5
29 2
30 5
31 1
32 5
33 5
34 1
35 5
36 5
37 2
38 5
39 2
40 5
41 3
42 5
43 6
44 2
45 5
46 1
47 5
48 5
49 2
50 5
51 2
52 5
53 1
54 5
55 5
56 1
57 5
58 5
59 2
60 5
61 2
62 5
63 1
64 5
65 5
66 2
67 5
68 2
69 5
70 2
71 5
72 6
73 2
74 5

Charges

1 -0.5571
2 0.4241
3 0.0800
4 0.0530
5 0.0800
6 0.0530
7 -0.2660
8 0.0800
9 0.0530
10 0.0800
11 0.0530
12 -0.2660
13 0.0800
14 0.0530
15 -0.0530
16 0.0530
17 -0.0530
18 0.0530
19 0.0800
20 0.0530
21 0.0800
22 0.0530
23 -0.2660
24 -0.1060
25 0.0530
26 0.0530
27 -0.0530
28 0.0530
29 -0.0530
30 0.0530
31 -0.1060
32 0.0530
33 0.0530
34 -0.1060
35 0.0530
36 0.0530
37 -0.0530
38 0.0530
39 -0.0530
40 0.0530
41 0.0800
42 0.0530
43 -0.2660
44 0.0800
45 0.0530
46 -0.1060
47 0.0530
48 0.0530
49 -0.0530
50 0.0530
51 -0.0530
52 0.0530
53 -0.1060
54 0.0530
55 0.0530
56 -0.1060
57 0.0530
58 0.0530
59 -0.0530
60 0.0530
61 -0.0530
62 0.0530
63 -0.1060
64 0.0530
65 0.0530
66 -0.0530
67 0.0530
68 0.0800
69 0.0530
70 0.0800
71 0.0530
72 -0.2660
73 -0.0530
74 0.0530

Coords

1 2.0818295731 8.1651999053 16.5659566871
2 2.5370027133 8.9926643093 16.6492257292
3 1.5506225596 7.6832923031 17.8242413148
4 0.7019887307 8.2974629111 18.1970607426
5 2.7442672582 7.5287555067 18.9423584528
6 2.1547300059 7.5383941368 19.8795746260
7 3.6996660360 8.6867704465 18.9547061624
8 3.4269715147 9.7589073163 19.9746303335
9 2.8953091848 9.1418510409 20.7205676875
10 4.4245443658 10.3104203099 20.9880742405
11 5.3823166260 10.6036406922 20.5484589764
12 4.5163275655 9.5710069495 22.2017501480
13 5.7898322898 9.0584999593 22.3117272430
14 6.5386050041 9.8517471816 22.2201855677
15 5.8877795436 8.5945196751 23.7273068872
16 5.3806654348 7.6516946880 23.8195194825
17 5.8056454113 9.5756907765 24.9399718228
18 4.7610933458 9.6349527310 25.3473987753
19 6.4402355856 10.9573578746 24.7490572417
20 6.2696320067 11.6601576491 25.5531549953
21 7.8619285095 10.7890806618 24.2999743968
22 8.3409894795 10.6499867399 23.3310052105
23 6.7673421491 11.5626902781 23.5390985836
24 6.9563754383 9.0955062799 25.8479149972
25 6.8721987130 8.0436072136 26.2861273358
26 7.0841301690 9.7322568858 26.7700113256
27 8.0277049676 9.2433191762 24.7335971164
28 9.0060559428 9.0137247937 24.9929971855
29 7.3190691037 8.1067670441 23.8421310495
30 7.3298995603 7.1565293716 24.3994417759
31 7.6929784281 7.7239271495 22.3170086116
32 8.5611616429 8.3011331495 21.9449789529
33 8.1225272656 6.7367819604 22.2901623177
34 6.4039448858 7.8925638619 21.5028430919
35 5.8369557804 7.0003250176 21.5656839436
36 6.5781042892 8.0152952503 20.3727345142
37 3.4561429531 11.5220372385 21.2263591469
38 3.6620302008 12.2137269699 22.0527751797
39 1.7639905614 11.2005556029 21.0911399195
40 1.3527115378 12.3150070798 20.8817683056
41 0.5098902153 11.1107824149 22.0421142638
42 0.4296326447 11.7699704337 22.9376043265
43 -0.1464370273 9.8014020095 22.0733098793
44 -0.6418760809 10.8798504098 21.1120533976
45 -1.5797403972 11.2449088124 21.3235695594
46 -0.1311152490 10.7302674473 19.6497356054
47 -0.1489967248 11.6990814084 19.1775896721
48 -0.7881225294 10.0500489420 19.1139791308
49 1.3461783998 10.1623953458 19.6923145121
50 1.2687720974 9.1842048813 20.2283971226
51 2.4313466178 11.0807154285 19.7403257135
52 2.2011669350 11.2809343017 18.6694187853
53 3.5559707550 12.0254129718 19.7356273034
54 4.5161248715 11.9396574946 19.1892405074
55 3.2206196542 13.0068528091 19.5137738759
56 3.1448735849 5.9531081289 18.9585421280
57 2.6946868508 5.4084326296 19.8849032373
58 4.2397648016 5.8416101704 18.9882397607
59 2.4827664775 5.4683150361 17.6883434720
60 3.1325821579 5.9450909664 16.9399889691
61 2.1510298484 4.0796461872 17.1302980265
62 2.7238985197 3.2165004348 17.4325824742
63 0.5988770996 3.9408811938 17.4624779972
64 0.0987226879 3.0905263699 16.9353418167
65 0.4171777916 3.8200077424 18.5662647660
66 0.2183371833 5.2930141663 16.7824176484
67 -0.8633454251 5.5389512803 16.9095734083
68 0.7358413750 5.0143266164 15.3694165092
69 0.0861472614 4.8697220233 14.4946735829
70 2.0128277312 4.2782683175 15.5502484286
71 2.5038703604 3.5728658354 14.8886597150
72 1.9647949106 5.6661740995 15.0706348563
73 1.0940846167 6.1651418834 17.7266472585
74 0.6036433298 5.9688995458 18.6978029549

Bonds

1 10 3 1
2 14 2 1
3 5 3 5
4 5 3 73
5 7 3 4
6 2 56 5
7 9 5 7
8 7 5 6
9 9 8 7
10 5 8 10
11 5 8 51
12 7 8 9
13 5 10 37
14 9 10 12
15 7 10 11
16 9 13 12
17 5 13 15
18 2 34 13
19 7 13 14
20 5 15 17
21 5 15 29
22 7 15 16
23 2 24 17
24 5 17 19
25 7 17 18
26 5 19 21
27 8 19 23
28 7 19 20
29 8 21 23
30 5 21 27
31 7 21 22
32 2 24 27
33 4 24 25
34 4 24 26
35 5 27 29
36 7 27 28
37 2 31 29
38 7 29 30
39 1 31 34
40 4 31 32
41 4 31 33
42 4 34 35
43 4 34 36
44 5 37 39
45 2 53 37
46 7 37 38
47 5 39 41
48 5 39 49
49 7 39 40
50 8 41 43
51 5 41 44
52 7 41 42
53 8 44 43
54 2 46 44
55 7 44 45
56 2 46 49
57 4 46 47
58 4 46 48
59 5 49 51
60 7 49 50
61 2 53 51
62 7 51 52
63 4 53 54
64 4 53 55
65 2 56 59
66 4 56 57
67 4 56 58
68 5 59 61
69 5 59 73
70 7 59 60
71 2 63 61
72 5 61 70
73 7 61 62
74 2 63 66
75 4 63 64
76 4 63 65
77 5 66 73
78 5 66 68
79 7 66 67
80 5 68 70
81 8 68 72
82 7 68 69
83 8 70 72
84 7 70 71
85 7 73 74

Angles

1 19 5 3 1
2 19 73 3 1
3 34 4 3 1
4 25 3 1 2
5 4 56 5 3
6 18 3 5 7
7 16 3 5 6
8 14 3 73 66
9 14 3 73 59
10 16 3 73 74
11 16 5 3 4
12 16 73 3 4
13 14 5 3 73
14 11 5 56 59
15 13 5 56 57
16 13 5 56 58
17 24 5 7 8
18 5 56 5 6
19 33 6 5 7
20 7 56 5 7
21 18 10 8 7
22 18 51 8 7
23 33 9 8 7
24 14 8 10 37
25 18 8 10 12
26 16 8 10 11
27 14 8 51 49
28 4 53 51 8
29 16 8 51 52
30 16 10 8 9
31 16 51 8 9
32 14 10 8 51
33 14 10 37 39
34 4 53 37 10
35 16 10 37 38
36 24 10 12 13
37 16 37 10 11
38 33 11 10 12
39 18 37 10 12
40 18 15 13 12
41 7 34 13 12
42 33 14 13 12
43 14 13 15 17
44 14 13 15 29
45 16 13 15 16
46 1 31 34 13
47 13 13 34 35
48 13 13 34 36
49 16 15 13 14
50 5 34 13 14
51 4 34 13 15
52 4 24 17 15
53 14 15 17 19
54 16 15 17 18
55 14 15 29 27
56 4 31 29 15
57 16 15 29 30
58 16 17 15 16
59 16 29 15 16
60 14 17 15 29
61 11 17 24 27
62 13 17 24 25
63 13 17 24 26
64 14 17 19 21
65 17 17 19 23
66 16 17 19 20
67 5 24 17 18
68 16 19 17 18
69 4 24 17 19
70 17 19 21 23
71 14 19 21 27
72 16 19 21 22
73 23 19 23 21
74 16 21 19 20
75 32 20 19 23
76 17 21 19 23
77 4 24 27 21
78 14 21 27 29
79 16 21 27 28
80 32 22 21 23
81 16 27 21 22
82 17 27 21 23
83 4 24 27 29
84 5 24 27 28
85 13 27 24 25
86 31 25 24 26
87 13 27 24 26
88 4 31 29 27
89 16 27 29 30
90 16 29 27 28
91 1 34 31 29
92 13 29 31 32
93 13 29 31 33
94 5 31 29 30
95 2 31 34 35
96 2 31 34 36
97 2 34 31 32
98 31 32 31 33
99 2 34 31 33
100 31 35 34 36
101 14 37 39 41
102 14 37 39 49
103 16 37 39 40
104 11 37 53 51
105 13 37 53 54
106 13 37 53 55
107 16 39 37 38
108 5 53 37 38
109 4 53 37 39
110 17 39 41 43
111 14 39 41 44
112 16 39 41 42
113 4 46 49 39
114 14 39 49 51
115 16 39 49 50
116 16 41 39 40
117 16 49 39 40
118 14 41 39 49
119 23 41 43 44
120 17 41 44 43
121 4 46 44 41
122 16 41 44 45
123 32 42 41 43
124 16 44 41 42
125 17 44 41 43
126 6 46 44 43
127 32 45 44 43
128 11 44 46 49
129 13 44 46 47
130 13 44 46 48
131 5 46 44 45
132 4 46 49 51
133 5 46 49 50
134 13 49 46 47
135 31 47 46 48
136 13 49 46 48
137 4 53 51 49
138 16 49 51 52
139 16 51 49 50
140 13 51 53 54
141 13 51 53 55
142 5 53 51 52
143 31 54 53 55
144 4 56 59 61
145 4 56 59 73
146 5 56 59 60
147 13 59 56 57
148 31 57 56 58
149 13 59 56 58
150 4 63 61 59
151 14 59 61 70
152 16 59 61 62
153 14 59 73 66
154 16 59 73 74
155 16 61 59 60
156 16 73 59 60
157 14 61 59 73
158 11 61 63 66
159 13 61 63 64
160 13 61 63 65
161 14 61 70 68
162 17 61 70 72
163 16 61 70 71
164 5 63 61 62
165 16 70 61 62
166 4 63 61 70
167 4 63 66 73
168 4 63 66 68
169 5 63 66 67
170 13 66 63 64
171 31 64 63 65
172 13 66 63 65
173 16 66 73 74
174 14 66 68 70
175 17 66 68 72
176 16 66 68 69
177 16 73 66 67
178 16 68 66 67
179 14 68 66 73
180 17 68 70 72
181 16 68 70 71
182 23 68 72 70
183 16 70 68 69
184 32 69 68 72
185 17 70 68 72
186 32 71 70 72

Dihedrals

1 12 56 5 3 1
2 68 7 5 3 1
3 62 6 5 3 1
4 35 66 73 3 1
5 35 59 73 3 1
6 62 74 73 3 1
7 41 5 3 1 2
8 41 73 3 1 2
9 52 2 1 3 4
10 21 59 56 5 3
11 29 3 5 56 57
12 29 3 5 56 58
13 40 3 5 7 8
14 7 63 66 73 3
15 30 3 73 66 68
16 32 3 73 66 67
17 7 56 59 73 3
18 30 3 73 59 61
19 32 3 73 59 60
20 9 56 5 3 4
21 61 4 3 5 7
22 59 4 3 5 6
23 32 66 73 3 4
24 32 59 73 3 4
25 59 4 3 73 74
26 30 5 3 73 66
27 30 5 3 73 59
28 32 5 3 73 74
29 21 5 56 59 61
30 21 5 56 59 73
31 22 5 56 59 60
32 40 10 8 7 5
33 40 51 8 7 5
34 46 5 7 8 9
35 32 73 3 5 6
36 22 59 56 5 6
37 54 57 56 5 6
38 54 58 56 5 6
39 46 8 7 5 6
40 34 73 3 5 7
41 24 59 56 5 7
42 56 57 56 5 7
43 56 58 56 5 7
44 34 37 10 8 7
45 67 7 8 10 12
46 61 11 10 8 7
47 34 49 51 8 7
48 11 53 51 8 7
49 61 52 51 8 7
50 14 56 5 7 8
51 30 8 10 37 39
52 7 53 37 10 8
53 32 8 10 37 38
54 40 8 10 12 13
55 7 46 49 51 8
56 30 8 51 49 39
57 32 8 51 49 50
58 21 37 53 51 8
59 29 8 51 53 54
60 29 8 51 53 55
61 32 37 10 8 9
62 61 9 8 10 12
63 59 9 8 10 11
64 32 49 51 8 9
65 9 53 51 8 9
66 59 9 8 51 52
67 30 10 8 51 49
68 7 53 51 8 10
69 32 10 8 51 52
70 30 10 37 39 41
71 30 10 37 39 49
72 32 10 37 39 40
73 21 51 53 37 10
74 29 10 37 53 54
75 29 10 37 53 55
76 40 15 13 12 10
77 14 34 13 12 10
78 46 10 12 13 14
79 32 51 8 10 11
80 32 39 37 10 11
81 9 53 37 10 11
82 59 11 10 37 38
83 46 13 12 10 11
84 34 51 8 10 12
85 34 39 37 10 12
86 11 53 37 10 12
87 61 38 37 10 12
88 34 17 15 13 12
89 34 29 15 13 12
90 61 16 15 13 12
91 3 31 34 13 12
92 56 35 34 13 12
93 56 36 34 13 12
94 40 37 10 12 13
95 7 24 17 15 13
96 30 13 15 17 19
97 32 13 15 17 18
98 30 13 15 29 27
99 7 31 29 15 13
100 32 13 15 29 30
101 19 13 34 31 29
102 20 13 34 31 32
103 20 13 34 31 33
104 32 17 15 13 14
105 32 29 15 13 14
106 59 14 13 15 16
107 2 31 34 13 14
108 54 35 34 13 14
109 54 36 34 13 14
110 1 31 34 13 15
111 29 15 13 34 35
112 29 15 13 34 36
113 21 27 24 17 15
114 29 15 17 24 25
115 29 15 17 24 26
116 30 15 17 19 21
117 33 15 17 19 23
118 32 15 17 19 20
119 7 24 27 29 15
120 30 15 29 27 21
121 32 15 29 27 28
122 1 34 31 29 15
123 29 15 29 31 32
124 29 15 29 31 33
125 9 34 13 15 16
126 9 24 17 15 16
127 32 19 17 15 16
128 59 16 15 17 18
129 32 27 29 15 16
130 9 31 29 15 16
131 59 16 15 29 30
132 7 34 13 15 17
133 30 17 15 29 27
134 7 31 29 15 17
135 32 17 15 29 30
136 21 17 24 27 29
137 21 17 24 27 21
138 22 17 24 27 28
139 33 17 19 21 23
140 30 17 19 21 27
141 32 17 19 21 22
142 39 17 19 23 21
143 32 29 15 17 18
144 22 27 24 17 18
145 54 25 24 17 18
146 54 26 24 17 18
147 32 21 19 17 18
148 60 18 17 19 23
149 59 18 17 19 20
150 30 19 17 15 29
151 21 27 24 17 19
152 29 19 17 24 25
153 29 19 17 24 26
154 7 24 27 21 19
155 30 19 21 27 29
156 32 19 21 27 28
157 39 27 21 23 19
158 45 19 23 21 22
159 9 24 17 19 20
160 60 20 19 21 23
161 32 27 21 19 20
162 59 20 19 21 22
163 45 21 23 19 20
164 7 24 17 19 21
165 29 21 27 24 25
166 29 21 27 24 26
167 7 31 29 27 21
168 32 21 27 29 30
169 60 22 21 19 23
170 9 24 27 21 22
171 32 29 27 21 22
172 59 22 21 27 28
173 10 24 27 21 23
174 33 29 27 21 23
175 60 28 27 21 23
176 10 24 17 19 23
177 33 27 21 19 23
178 7 24 17 15 29
179 6 24 27 29 31
180 9 24 27 29 30
181 29 29 27 24 25
182 54 25 24 27 28
183 29 29 27 24 26
184 54 26 24 27 28
185 1 34 31 29 27
186 29 27 29 31 32
187 29 27 29 31 33
188 9 31 29 27 28
189 59 28 27 29 30
190 20 29 31 34 35
191 20 29 31 34 36
192 7 34 13 15 29
193 2 34 31 29 30
194 54 32 31 29 30
195 54 33 31 29 30
196 53 32 31 34 35
197 53 32 31 34 36
198 53 33 31 34 35
199 53 33 31 34 36
200 30 37 10 8 51
201 33 37 39 41 43
202 30 37 39 41 44
203 32 37 39 41 42
204 7 46 49 39 37
205 30 37 39 49 51
206 32 37 39 49 50
207 21 37 53 51 49
208 22 37 53 51 52
209 32 41 39 37 38
210 32 49 39 37 38
211 59 38 37 39 40
212 22 51 53 37 38
213 54 54 53 37 38
214 54 55 53 37 38
215 21 51 53 37 39
216 29 39 37 53 54
217 29 39 37 53 55
218 39 39 41 43 44
219 33 39 41 44 43
220 7 46 44 41 39
221 32 39 41 44 45
222 21 44 46 49 39
223 29 39 49 46 47
224 29 39 49 46 48
225 7 53 51 49 39
226 32 39 49 51 52
227 9 53 37 39 40
228 60 40 39 41 43
229 32 44 41 39 40
230 59 40 39 41 42
231 9 46 49 39 40
232 32 51 49 39 40
233 59 40 39 49 50
234 7 53 37 39 41
235 7 46 49 39 41
236 30 41 39 49 51
237 32 41 39 49 50
238 13 46 44 43 41
239 45 41 43 44 45
240 21 49 46 44 41
241 29 41 44 46 47
242 29 41 44 46 48
243 32 49 39 41 42
244 45 44 43 41 42
245 60 42 41 44 43
246 9 46 44 41 42
247 59 42 41 44 45
248 33 49 39 41 43
249 10 46 44 41 43
250 60 45 44 41 43
251 23 49 46 44 43
252 55 47 46 44 43
253 55 48 46 44 43
254 21 44 46 49 51
255 22 44 46 49 50
256 30 44 41 39 49
257 22 49 46 44 45
258 54 47 46 44 45
259 54 48 46 44 45
260 6 46 49 51 53
261 9 46 49 51 52
262 29 51 49 46 47
263 54 47 46 49 50
264 29 51 49 46 48
265 54 48 46 49 50
266 29 49 51 53 54
267 29 49 51 53 55
268 7 53 37 39 49
269 9 53 51 49 50
270 59 50 49 51 52
271 54 54 53 51 52
272 54 55 53 51 52
273 7 56 5 3 73
274 6 56 59 61 63
275 7 56 59 61 70
276 9 56 59 61 62
277 7 56 59 73 66
278 9 56 59 73 74
279 29 61 59 56 57
280 29 73 59 56 57
281 54 57 56 59 60
282 29 61 59 56 58
283 29 73 59 56 58
284 54 58 56 59 60
285 21 66 63 61 59
286 29 59 61 63 64
287 29 59 61 63 65
288 30 59 61 70 68
289 33 59 61 70 72
290 32 59 61 70 71
291 7 63 66 73 59
292 30 59 73 66 68
293 32 59 73 66 67
294 9 63 61 59 60
295 32 70 61 59 60
296 59 60 59 61 62
297 32 66 73 59 60
298 59 60 59 73 74
299 30 61 59 73 66
300 32 61 59 73 74
301 21 61 63 66 73
302 21 61 63 66 68
303 22 61 63 66 67
304 30 61 70 68 66
305 33 61 70 68 72
306 32 61 70 68 69
307 39 61 70 72 68
308 32 73 59 61 62
309 22 66 63 61 62
310 54 64 63 61 62
311 54 65 63 61 62
312 32 68 70 61 62
313 60 62 61 70 72
314 59 62 61 70 71
315 7 63 61 59 73
316 7 63 61 70 68
317 10 63 61 70 72
318 9 63 61 70 71
319 9 63 66 73 74
320 7 63 66 68 70
321 10 63 66 68 72
322 9 63 66 68 69
323 29 70 61 63 64
324 29 73 66 63 64
325 29 68 66 63 64
326 54 64 63 66 67
327 29 70 61 63 65
328 29 73 66 63 65
329 29 68 66 63 65
330 54 65 63 66 67
331 21 66 63 61 70
332 33 66 68 70 72
333 32 66 68 70 71
334 39 66 68 72 70
335 59 67 66 73 74
336 32 70 68 66 67
337 60 67 66 68 72
338 59 67 66 68 69
339 32 68 66 73 74
340 45 68 72 70 71
341 32 73 66 68 69
342 60 69 68 70 72
343 59 69 68 70 71
344 45 70 72 68 69
345 30 70 68 66 73
346 30 70 61 59 73
347 60 71 70 68 72
348 33 73 66 68 72

Impropers

1 26 5 3 73 1
2 31 5 3 4 1
3 31 73 3 4 1
4 23 5 3 73 4
5 19 56 5 7 3
6 14 56 5 6 3
7 33 3 5 7 6
8 20 56 5 7 6
9 25 10 8 51 7
10 30 10 8 9 7
11 30 51 8 9 7
12 23 10 8 51 9
13 25 8 10 37 12
14 23 8 10 37 11
15 33 8 10 12 11
16 33 37 10 12 11
17 19 34 13 12 15
18 30 15 13 14 12
19 16 34 13 14 12
20 14 34 13 14 15
21 21 13 15 17 29
22 23 13 15 17 16
23 23 13 15 29 16
24 23 17 15 29 16
25 10 24 17 19 15
26 14 24 17 18 15
27 23 15 17 19 18
28 11 24 17 19 18
29 24 17 19 21 23
30 23 17 19 21 20
31 32 17 19 23 20
32 32 21 19 23 20
33 24 27 21 19 23
34 32 19 21 23 22
35 23 19 21 27 22
36 29 27 21 22 23
37 4 17 24 27 25
38 4 17 24 27 26
39 6 17 24 25 26
40 6 27 24 25 26
41 10 24 27 29 21
42 11 24 27 29 28
43 11 24 27 21 28
44 23 29 27 21 28
45 10 31 29 15 27
46 14 31 29 30 27
47 23 27 29 15 30
48 11 31 29 15 30
49 2 34 31 32 29
50 2 34 31 33 29
51 6 29 31 32 33
52 3 34 31 32 33
53 1 31 34 13 35
54 1 31 34 13 36
55 3 31 34 35 36
56 6 13 34 35 36
57 10 53 37 10 39
58 23 10 37 39 38
59 14 53 37 38 10
60 14 53 37 38 39
61 21 37 39 41 49
62 23 37 39 41 40
63 23 37 39 49 40
64 23 41 39 49 40
65 24 44 41 39 43
66 32 39 41 43 42
67 23 39 41 44 42
68 29 44 41 42 43
69 12 46 44 41 43
70 15 46 44 45 43
71 29 41 44 45 43
72 11 46 44 41 45
73 4 44 46 49 47
74 4 44 46 49 48
75 6 44 46 47 48
76 6 49 46 47 48
77 10 46 49 51 39
78 11 46 49 51 50
79 11 46 49 39 50
80 23 51 49 39 50
81 10 53 51 8 49
82 14 53 51 52 49
83 23 49 51 8 52
84 11 53 51 8 52
85 4 51 53 37 54
86 4 51 53 37 55
87 6 51 53 54 55
88 6 37 53 54 55
89 4 5 56 59 57
90 4 5 56 59 58
91 6 5 56 57 58
92 6 59 56 57 58
93 10 56 59 61 73
94 11 56 59 61 60
95 11 56 59 73 60
96 23 61 59 73 60
97 10 63 61 70 59
98 14 63 61 62 59
99 23 59 61 70 62
100 11 63 61 70 62
101 4 61 63 66 64
102 4 61 63 66 65
103 6 61 63 64 65
104 6 66 63 64 65
105 10 63 66 73 68
106 11 63 66 73 67
107 11 63 66 68 67
108 23 73 66 68 67
109 24 66 68 70 72
110 23 66 68 70 69
111 32 66 68 72 69
112 32 70 68 72 69
113 24 61 70 68 72
114 32 68 70 72 71
115 23 68 70 61 71
116 29 61 70 71 72
117 21 66 73 3 59
118 23 66 73 3 74
119 23 66 73 59 74
120 23 3 73 59 74
