delete edged atoms 
30 atoms
31 bonds
62 angles
96 dihedrals
40 impropers

Types

1	2
2	7
3	2
4	5
5	1
6	5
7	5
8	1
9	5
10	5
11	2
12	5
13	2
14	2
15	2
16	5
17	2
18	2
19	2
20	5
21	2
22	5
23	6
24	2
25	5
26	1
27	5
28	5
29	2
30	5

Charges

1	0.0800
2	-0.2660
3	0.0800
4	0.0530
5	-0.1060
6	0.0530
7	0.0530
8	-0.1060
9	0.0530
10	0.0530
11	-0.0530
12	0.0530
13	-0.0530
14	-0.0530
15	-0.0530
16	0.0530
17	-0.0530
18	-0.0530
19	-0.0530
20	0.0530
21	0.0800
22	0.0530
23	-0.2660
24	0.0800
25	0.0530
26	-0.1060
27	0.0530
28	0.0530
29	-0.0530
30	0.0530

Coords

1	86.9958353313	83.5459057557	48.3683575511
2	86.3211913419	82.4933584071	49.0518598822
3	85.9652711137	81.3580057332	48.3004678066
4	85.8467999007	81.7433618872	47.2962610781
5	84.5489484200	80.8307167047	48.7030355432
6	84.2774899405	81.4159666469	49.6212114807
7	83.7594318858	80.9502129725	47.9307364951
8	84.7291109911	79.3576109021	49.0818860050
9	85.1410428681	79.3828365800	50.1348507742
10	83.7888911952	78.7751388402	49.1994488410
11	85.8965093149	78.9134639836	48.2992372442
12	86.3338123581	78.1199225609	48.9540126626
13	86.0961051645	78.4449955956	46.7666608637
14	87.6916592115	80.0163320421	47.1073557880
15	86.8614687634	80.1352678029	48.3558027349
16	87.4702233166	80.1569395611	49.2880311409
17	93.5564095818	60.5614846636	81.2758290404
18	95.6774750249	60.5820466640	80.4791834866
19	95.3726002113	62.0845188545	80.7392613944
20	95.5905688055	62.6947058828	79.8648106157
21	96.1254926090	62.6486475292	81.9856486297
22	97.1295155499	62.2040423961	82.2226822297
23	96.0460196745	64.0623912228	82.0158529853
24	95.1725398463	63.2759437025	82.8877036534
25	95.2742305781	63.5528814545	83.9391151473
26	93.7317109741	63.0299055994	82.3863196075
27	93.3179542245	63.9345725909	82.0096172564
28	93.1091073503	62.6533308196	83.2639295746
29	93.8621168070	62.1089588676	81.1839357302
30	93.1681460162	62.5380400760	80.4186911575

Bonds

1	9	1	2
2	9	3	2
3	2	5	3
4	5	3	15
5	7	3	4
6	1	5	8
7	4	5	6
8	4	5	7
9	2	8	11
10	4	8	9
11	4	8	10
12	5	11	13
13	5	11	15
14	7	11	12
15	5	14	15
16	7	15	16
17	5	17	29
18	5	18	19
19	5	19	21
20	5	19	29
21	7	19	20
22	8	21	23
23	5	21	24
24	7	21	22
25	8	24	23
26	2	26	24
27	7	24	25
28	2	26	29
29	4	26	27
30	4	26	28
31	7	29	30

Angles

1	24	1	2	3
2	7	5	3	2
3	18	15	3	2
4	33	4	3	2
5	1	8	5	3
6	13	3	5	6
7	13	3	5	7
8	14	3	15	14
9	14	3	15	11
10	16	3	15	16
11	5	5	3	4
12	16	15	3	4
13	4	5	3	15
14	1	5	8	11
15	2	5	8	9
16	2	5	8	10
17	2	8	5	6
18	31	6	5	7
19	2	8	5	7
20	4	8	11	13
21	4	8	11	15
22	5	8	11	12
23	13	11	8	9
24	31	9	8	10
25	13	11	8	10
26	14	11	15	14
27	16	11	15	16
28	16	13	11	12
29	16	15	11	12
30	14	13	11	15
31	16	14	15	16
32	4	26	29	17
33	14	17	29	19
34	16	17	29	30
35	14	18	19	21
36	14	18	19	29
37	16	18	19	20
38	17	19	21	23
39	14	19	21	24
40	16	19	21	22
41	4	26	29	19
42	16	19	29	30
43	16	21	19	20
44	16	29	19	20
45	14	21	19	29
46	23	21	23	24
47	17	21	24	23
48	4	26	24	21
49	16	21	24	25
50	32	22	21	23
51	16	24	21	22
52	17	24	21	23
53	6	26	24	23
54	32	25	24	23
55	11	24	26	29
56	13	24	26	27
57	13	24	26	28
58	5	26	24	25
59	5	26	29	30
60	13	29	26	27
61	31	27	26	28
62	13	29	26	28

Dihedrals

1	14	5	3	2	1
2	40	15	3	2	1
3	46	1	2	3	4
4	3	8	5	3	2
5	56	6	5	3	2
6	56	7	5	3	2
7	34	14	15	3	2
8	34	11	15	3	2
9	61	16	15	3	2
10	19	3	5	8	11
11	20	3	5	8	9
12	20	3	5	8	10
13	7	8	11	15	3
14	30	3	15	11	13
15	32	3	15	11	12
16	2	8	5	3	4
17	54	6	5	3	4
18	54	7	5	3	4
19	32	14	15	3	4
20	32	11	15	3	4
21	59	4	3	15	16
22	7	5	3	15	14
23	7	5	3	15	11
24	9	5	3	15	16
25	1	5	8	11	13
26	1	5	8	11	15
27	2	5	8	11	12
28	29	15	3	5	6
29	20	11	8	5	6
30	53	6	5	8	9
31	53	6	5	8	10
32	29	15	3	5	7
33	20	11	8	5	7
34	53	7	5	8	9
35	53	7	5	8	10
36	1	8	5	3	15
37	7	8	11	15	14
38	9	8	11	15	16
39	29	13	11	8	9
40	29	15	11	8	9
41	54	9	8	11	12
42	29	13	11	8	10
43	29	15	11	8	10
44	54	10	8	11	12
45	32	14	15	11	12
46	59	12	11	15	16
47	30	13	11	15	14
48	32	13	11	15	16
49	21	24	26	29	17
50	29	17	29	26	27
51	29	17	29	26	28
52	30	17	29	19	18
53	30	17	29	19	21
54	32	17	29	19	20
55	33	18	19	21	23
56	30	18	19	21	24
57	32	18	19	21	22
58	7	26	29	19	18
59	32	18	19	29	30
60	39	19	21	23	24
61	33	19	21	24	23
62	7	26	24	21	19
63	32	19	21	24	25
64	21	24	26	29	19
65	29	19	29	26	27
66	29	19	29	26	28
67	60	20	19	21	23
68	32	24	21	19	20
69	59	20	19	21	22
70	9	26	29	19	20
71	59	20	19	29	30
72	7	26	29	19	21
73	32	21	19	29	30
74	13	26	24	23	21
75	45	21	23	24	25
76	21	29	26	24	21
77	29	21	24	26	27
78	29	21	24	26	28
79	32	29	19	21	22
80	45	24	23	21	22
81	60	22	21	24	23
82	9	26	24	21	22
83	59	22	21	24	25
84	33	29	19	21	23
85	10	26	24	21	23
86	60	25	24	21	23
87	23	29	26	24	23
88	55	27	26	24	23
89	55	28	26	24	23
90	22	24	26	29	30
91	30	24	21	19	29
92	22	29	26	24	25
93	54	27	26	24	25
94	54	28	26	24	25
95	54	27	26	29	30
96	54	28	26	29	30

Impropers

1	13	5	3	15	2
2	16	5	3	4	2
3	30	15	3	4	2
4	11	5	3	15	4
5	2	8	5	6	3
6	2	8	5	7	3
7	6	3	5	6	7
8	3	8	5	6	7
9	1	5	8	11	9
10	1	5	8	11	10
11	3	5	8	9	10
12	6	11	8	9	10
13	10	8	11	13	15
14	11	8	11	13	12
15	11	8	11	15	12
16	23	13	11	15	12
17	21	14	15	3	11
18	23	14	15	3	16
19	23	14	15	11	16
20	23	3	15	11	16
21	21	18	19	21	29
22	23	18	19	21	20
23	23	18	19	29	20
24	23	21	19	29	20
25	24	24	21	19	23
26	32	19	21	23	22
27	23	19	21	24	22
28	29	24	21	22	23
29	12	26	24	21	23
30	15	26	24	25	23
31	29	21	24	25	23
32	11	26	24	21	25
33	4	24	26	29	27
34	4	24	26	29	28
35	6	24	26	27	28
36	6	29	26	27	28
37	10	26	29	19	17
38	11	26	29	19	30
39	11	26	29	17	30
40	23	19	29	17	30