Mody lammps parameter 2023-03-10 23:07:21.619048
74 atoms
85 bonds
186 angles
348 dihedrals
120 impropers

Types

1 8
2 4
3 2
4 5
5 2
6 5
7 2
8 5
9 2
10 5
11 2
12 5
13 6
14 2
15 5
16 1
17 5
18 5
19 2
20 5
21 2
22 5
23 1
24 5
25 5
26 7
27 2
28 5
29 2
30 5
31 7
32 2
33 5
34 2
35 5
36 2
37 5
38 2
39 5
40 2
41 5
42 6
43 1
44 5
45 5
46 2
47 5
48 2
49 5
50 1
51 5
52 5
53 1
54 5
55 5
56 1
57 5
58 5
59 2
60 5
61 2
62 5
63 1
64 5
65 5
66 2
67 5
68 2
69 5
70 2
71 5
72 2
73 5
74 6

Charges

1 -0.5571
2 0.4241
3 0.0800
4 0.0530
5 0.0800
6 0.0530
7 -0.0530
8 0.0530
9 -0.0530
10 0.0530
11 0.0800
12 0.0530
13 -0.2660
14 0.0800
15 0.0530
16 -0.1060
17 0.0530
18 0.0530
19 -0.0530
20 0.0530
21 -0.0530
22 0.0530
23 -0.1060
24 0.0530
25 0.0530
26 -0.2660
27 0.0800
28 0.0530
29 0.0800
30 0.0530
31 -0.2660
32 0.0800
33 0.0530
34 -0.0530
35 0.0530
36 -0.0530
37 0.0530
38 0.0800
39 0.0530
40 0.0800
41 0.0530
42 -0.2660
43 -0.1060
44 0.0530
45 0.0530
46 -0.0530
47 0.0530
48 -0.0530
49 0.0530
50 -0.1060
51 0.0530
52 0.0530
53 -0.1060
54 0.0530
55 0.0530
56 -0.1060
57 0.0530
58 0.0530
59 -0.0530
60 0.0530
61 -0.0530
62 0.0530
63 -0.1060
64 0.0530
65 0.0530
66 -0.0530
67 0.0530
68 -0.0530
69 0.0530
70 0.0800
71 0.0530
72 0.0800
73 0.0530
74 -0.2660

Coords

1 16.9693043105 14.6955539754 32.5942615046
2 16.3422805818 14.6454697004 33.3885227459
3 16.3139039302 14.8799769704 31.3605545273
4 17.0182640037 15.5920345311 30.8324416206
5 14.7995505035 15.4344333473 31.2729282078
6 15.0552437857 16.1901802825 30.5385150249
7 14.0518498385 14.3973288324 30.3000986951
8 13.1676622710 14.9154433212 29.8090874838
9 14.0097344060 12.8181219733 30.5251758233
10 13.1647477852 12.4260665960 31.1167118913
11 14.1639236447 11.8064314395 29.2877686830
12 13.4309141612 11.7612784838 28.5150879047
13 15.6036571831 11.5963928319 28.8240475422
14 15.0459484805 10.6739073624 29.6886192215
15 14.9029007011 9.5921688659 29.3773529683
16 15.5235069660 11.0380053765 31.1854785613
17 14.6850264197 10.6265503508 31.9247228586
18 16.5146588810 10.5241073719 31.4517596894
19 15.3792316759 12.5584840515 31.2743592172
20 15.2817980813 12.7785785426 32.3868250794
21 16.2176852497 13.6601974876 30.4624025720
22 17.2031182138 13.4456640259 30.0354048424
23 15.2208624476 14.2980970248 29.3779165463
24 14.9258353568 13.7660545180 28.4602267052
25 15.7784806450 15.1763991610 29.0074846954
26 14.1665771578 16.3716940598 32.2119238004
27 13.9781012808 17.8888356387 32.0735193951
28 13.7209122988 18.0782449423 33.0618656821
29 12.8987241653 18.3015270222 31.0520146117
30 12.7818034894 19.4581389217 31.1087268278
31 11.5657296591 17.8904261109 31.1372167086
32 10.9605641074 18.2975497445 32.3745387330
33 11.6130405615 18.1595535570 33.2424826037
34 9.6888130007 17.4303930525 32.4659855427
35 9.3019411620 17.5044676274 33.5012391963
36 9.6700194089 15.9262903811 32.0903773527
37 10.5512377944 15.3779244906 32.4072190668
38 8.3609259838 15.1878420671 32.5746102355
39 8.4921707157 14.1429081769 33.0000420666
40 7.3649902563 15.7183739454 31.5751524619
41 6.4651996233 15.2915248775 31.1267111029
42 7.2931637639 16.0896573468 33.0142051296
43 9.3579151008 15.9552334239 30.5355871576
44 10.0628644653 16.5335867202 30.0481284145
45 9.3842616062 14.9490239346 30.0200828508
46 8.0487676918 16.8301229532 30.7916282343
47 7.1980673806 17.1492809902 30.2279394260
48 8.6730957537 18.1407252865 31.5268855975
49 7.8068107081 18.5756329496 32.1228075116
50 9.3300334946 19.5287698393 31.0277137837
51 8.4851164104 20.2414553393 31.0431264586
52 9.8877913202 19.8185330469 30.1142018413
53 10.4424943945 19.7824081356 32.2244738438
54 10.0490057599 20.1209058428 33.2128485434
55 11.2209485103 20.5948635539 31.9647318874
56 13.7592479652 18.0265186059 29.6815774918
57 13.6795575045 17.0577864264 29.2730820963
58 13.4221038464 18.6897915585 28.8906989162
59 15.1909134505 18.5973963130 30.0865048164
60 15.3988008993 19.4831873727 29.3815292016
61 16.6238176577 17.7890382699 30.3232343246
62 16.6165327678 16.9849737282 29.5887502196
63 16.8504463856 17.7358475979 31.9453929859
64 16.2472861711 17.0836213735 32.6438354726
65 17.8240939857 17.4268254936 32.2064514485
66 16.4231752606 19.2006958957 32.0244370715
67 16.4658054760 19.6267447690 33.0425325348
68 15.0376148278 18.9241800972 31.5682759656
69 14.4817776684 19.9186402826 31.8065243184
70 17.3755846481 19.9502756211 30.9828014820
71 17.3834874377 21.0551122882 30.8618357051
72 17.7420656786 18.8862091949 30.0074871737
73 18.1654715370 18.9181538478 29.0021874845
74 18.6258138975 19.3091198078 31.1251074280

Bonds

1 10 3 1
2 14 2 1
3 5 3 5
4 5 3 21
5 7 3 4
6 9 5 26
7 5 5 7
8 7 5 6
9 5 7 9
10 2 23 7
11 7 7 8
12 5 9 11
13 5 9 19
14 7 9 10
15 8 11 13
16 5 11 14
17 7 11 12
18 8 14 13
19 2 16 14
20 7 14 15
21 2 16 19
22 4 16 17
23 4 16 18
24 5 19 21
25 7 19 20
26 2 23 21
27 7 21 22
28 4 23 24
29 4 23 25
30 9 27 26
31 5 27 29
32 5 27 68
33 7 27 28
34 2 56 29
35 9 29 31
36 7 29 30
37 9 32 31
38 5 32 34
39 2 53 32
40 7 32 33
41 5 34 36
42 5 34 48
43 7 34 35
44 2 43 36
45 5 36 38
46 7 36 37
47 5 38 40
48 8 38 42
49 7 38 39
50 8 40 42
51 5 40 46
52 7 40 41
53 2 43 46
54 4 43 44
55 4 43 45
56 5 46 48
57 7 46 47
58 2 50 48
59 7 48 49
60 1 50 53
61 4 50 51
62 4 50 52
63 4 53 54
64 4 53 55
65 2 56 59
66 4 56 57
67 4 56 58
68 5 59 61
69 5 59 68
70 7 59 60
71 2 63 61
72 5 61 72
73 7 61 62
74 2 63 66
75 4 63 64
76 4 63 65
77 5 66 70
78 5 66 68
79 7 66 67
80 7 68 69
81 5 70 72
82 8 70 74
83 7 70 71
84 8 72 74
85 7 72 73

Angles

1 19 5 3 1
2 19 21 3 1
3 34 4 3 1
4 25 3 1 2
5 18 3 5 26
6 14 3 5 7
7 16 3 5 6
8 14 3 21 19
9 4 23 21 3
10 16 3 21 22
11 16 5 3 4
12 16 21 3 4
13 14 5 3 21
14 24 5 26 27
15 14 5 7 9
16 4 23 7 5
17 16 5 7 8
18 33 6 5 26
19 16 7 5 6
20 18 7 5 26
21 14 7 9 11
22 14 7 9 19
23 16 7 9 10
24 11 7 23 21
25 13 7 23 24
26 13 7 23 25
27 16 9 7 8
28 5 23 7 8
29 4 23 7 9
30 17 9 11 13
31 14 9 11 14
32 16 9 11 12
33 4 16 19 9
34 14 9 19 21
35 16 9 19 20
36 16 11 9 10
37 16 19 9 10
38 14 11 9 19
39 23 11 13 14
40 17 11 14 13
41 4 16 14 11
42 16 11 14 15
43 32 12 11 13
44 16 14 11 12
45 17 14 11 13
46 6 16 14 13
47 32 15 14 13
48 11 14 16 19
49 13 14 16 17
50 13 14 16 18
51 5 16 14 15
52 4 16 19 21
53 5 16 19 20
54 13 19 16 17
55 31 17 16 18
56 13 19 16 18
57 4 23 21 19
58 16 19 21 22
59 16 21 19 20
60 13 21 23 24
61 13 21 23 25
62 5 23 21 22
63 31 24 23 25
64 18 29 27 26
65 18 68 27 26
66 33 28 27 26
67 4 56 29 27
68 18 27 29 31
69 16 27 29 30
70 14 27 68 66
71 14 27 68 59
72 16 27 68 69
73 16 29 27 28
74 16 68 27 28
75 14 29 27 68
76 11 29 56 59
77 13 29 56 57
78 13 29 56 58
79 24 29 31 32
80 5 56 29 30
81 33 30 29 31
82 7 56 29 31
83 18 34 32 31
84 7 53 32 31
85 33 33 32 31
86 14 32 34 36
87 14 32 34 48
88 16 32 34 35
89 1 50 53 32
90 13 32 53 54
91 13 32 53 55
92 16 34 32 33
93 5 53 32 33
94 4 53 32 34
95 4 43 36 34
96 14 34 36 38
97 16 34 36 37
98 14 34 48 46
99 4 50 48 34
100 16 34 48 49
101 16 36 34 35
102 16 48 34 35
103 14 36 34 48
104 11 36 43 46
105 13 36 43 44
106 13 36 43 45
107 14 36 38 40
108 17 36 38 42
109 16 36 38 39
110 5 43 36 37
111 16 38 36 37
112 4 43 36 38
113 17 38 40 42
114 14 38 40 46
115 16 38 40 41
116 23 38 42 40
117 16 40 38 39
118 32 39 38 42
119 17 40 38 42
120 4 43 46 40
121 14 40 46 48
122 16 40 46 47
123 32 41 40 42
124 16 46 40 41
125 17 46 40 42
126 4 43 46 48
127 5 43 46 47
128 13 46 43 44
129 31 44 43 45
130 13 46 43 45
131 4 50 48 46
132 16 46 48 49
133 16 48 46 47
134 1 53 50 48
135 13 48 50 51
136 13 48 50 52
137 5 50 48 49
138 2 50 53 54
139 2 50 53 55
140 2 53 50 51
141 31 51 50 52
142 2 53 50 52
143 31 54 53 55
144 4 56 59 61
145 4 56 59 68
146 5 56 59 60
147 13 59 56 57
148 31 57 56 58
149 13 59 56 58
150 4 63 61 59
151 14 59 61 72
152 16 59 61 62
153 14 59 68 66
154 16 59 68 69
155 16 61 59 60
156 16 68 59 60
157 14 61 59 68
158 11 61 63 66
159 13 61 63 64
160 13 61 63 65
161 14 61 72 70
162 17 61 72 74
163 16 61 72 73
164 5 63 61 62
165 16 72 61 62
166 4 63 61 72
167 4 63 66 70
168 4 63 66 68
169 5 63 66 67
170 13 66 63 64
171 31 64 63 65
172 13 66 63 65
173 14 66 70 72
174 17 66 70 74
175 16 66 70 71
176 16 66 68 69
177 16 70 66 67
178 16 68 66 67
179 14 68 66 70
180 17 70 72 74
181 16 70 72 73
182 23 70 74 72
183 16 72 70 71
184 32 71 70 74
185 17 72 70 74
186 32 73 72 74

Dihedrals

1 68 26 5 3 1
2 35 7 5 3 1
3 62 6 5 3 1
4 35 19 21 3 1
5 12 23 21 3 1
6 62 22 21 3 1
7 41 5 3 1 2
8 41 21 3 1 2
9 52 2 1 3 4
10 40 3 5 26 27
11 30 3 5 7 9
12 7 23 7 5 3
13 32 3 5 7 8
14 7 16 19 21 3
15 30 3 21 19 9
16 32 3 21 19 20
17 21 7 23 21 3
18 29 3 21 23 24
19 29 3 21 23 25
20 61 4 3 5 26
21 32 7 5 3 4
22 59 4 3 5 6
23 32 19 21 3 4
24 9 23 21 3 4
25 59 4 3 21 22
26 30 5 3 21 19
27 7 23 21 3 5
28 32 5 3 21 22
29 40 29 27 26 5
30 40 68 27 26 5
31 46 5 26 27 28
32 30 5 7 9 11
33 30 5 7 9 19
34 32 5 7 9 10
35 21 21 23 7 5
36 29 5 7 23 24
37 29 5 7 23 25
38 32 21 3 5 6
39 46 27 26 5 6
40 32 9 7 5 6
41 9 23 7 5 6
42 59 6 5 7 8
43 30 7 5 3 21
44 40 7 5 26 27
45 33 7 9 11 13
46 30 7 9 11 14
47 32 7 9 11 12
48 7 16 19 9 7
49 30 7 9 19 21
50 32 7 9 19 20
51 21 7 23 21 19
52 22 7 23 21 22
53 61 8 7 5 26
54 32 11 9 7 8
55 32 19 9 7 8
56 59 8 7 9 10
57 22 21 23 7 8
58 54 24 23 7 8
59 54 25 23 7 8
60 34 9 7 5 26
61 21 21 23 7 9
62 29 9 7 23 24
63 29 9 7 23 25
64 39 9 11 13 14
65 33 9 11 14 13
66 7 16 14 11 9
67 32 9 11 14 15
68 21 14 16 19 9
69 29 9 19 16 17
70 29 9 19 16 18
71 7 23 21 19 9
72 32 9 19 21 22
73 9 23 7 9 10
74 60 10 9 11 13
75 32 14 11 9 10
76 59 10 9 11 12
77 9 16 19 9 10
78 32 21 19 9 10
79 59 10 9 19 20
80 7 23 7 9 11
81 7 16 19 9 11
82 30 11 9 19 21
83 32 11 9 19 20
84 13 16 14 13 11
85 45 11 13 14 15
86 21 19 16 14 11
87 29 11 14 16 17
88 29 11 14 16 18
89 32 19 9 11 12
90 45 14 13 11 12
91 60 12 11 14 13
92 9 16 14 11 12
93 59 12 11 14 15
94 33 19 9 11 13
95 10 16 14 11 13
96 60 15 14 11 13
97 23 19 16 14 13
98 55 17 16 14 13
99 55 18 16 14 13
100 21 14 16 19 21
101 22 14 16 19 20
102 30 14 11 9 19
103 22 19 16 14 15
104 54 17 16 14 15
105 54 18 16 14 15
106 6 16 19 21 23
107 9 16 19 21 22
108 29 21 19 16 17
109 54 17 16 19 20
110 29 21 19 16 18
111 54 18 16 19 20
112 29 19 21 23 24
113 29 19 21 23 25
114 7 23 7 9 19
115 9 23 21 19 20
116 59 20 19 21 22
117 34 21 3 5 26
118 54 24 23 21 22
119 54 25 23 21 22
120 11 23 7 5 26
121 11 56 29 27 26
122 67 26 27 29 31
123 61 30 29 27 26
124 34 66 68 27 26
125 34 59 68 27 26
126 61 69 68 27 26
127 21 59 56 29 27
128 29 27 29 56 57
129 29 27 29 56 58
130 40 27 29 31 32
131 7 63 66 68 27
132 30 27 68 66 70
133 32 27 68 66 67
134 7 56 59 68 27
135 30 27 68 59 61
136 32 27 68 59 60
137 9 56 29 27 28
138 61 28 27 29 31
139 59 28 27 29 30
140 32 66 68 27 28
141 32 59 68 27 28
142 59 28 27 68 69
143 30 29 27 68 66
144 30 29 27 68 59
145 32 29 27 68 69
146 21 29 56 59 61
147 21 29 56 59 68
148 22 29 56 59 60
149 40 34 32 31 29
150 14 53 32 31 29
151 46 29 31 32 33
152 32 68 27 29 30
153 22 59 56 29 30
154 54 57 56 29 30
155 54 58 56 29 30
156 46 32 31 29 30
157 34 68 27 29 31
158 24 59 56 29 31
159 56 57 56 29 31
160 56 58 56 29 31
161 34 36 34 32 31
162 34 48 34 32 31
163 61 35 34 32 31
164 3 50 53 32 31
165 56 54 53 32 31
166 56 55 53 32 31
167 14 56 29 31 32
168 7 43 36 34 32
169 30 32 34 36 38
170 32 32 34 36 37
171 30 32 34 48 46
172 7 50 48 34 32
173 32 32 34 48 49
174 19 32 53 50 48
175 20 32 53 50 51
176 20 32 53 50 52
177 32 36 34 32 33
178 32 48 34 32 33
179 59 33 32 34 35
180 2 50 53 32 33
181 54 54 53 32 33
182 54 55 53 32 33
183 1 50 53 32 34
184 29 34 32 53 54
185 29 34 32 53 55
186 21 46 43 36 34
187 29 34 36 43 44
188 29 34 36 43 45
189 30 34 36 38 40
190 33 34 36 38 42
191 32 34 36 38 39
192 7 43 46 48 34
193 30 34 48 46 40
194 32 34 48 46 47
195 1 53 50 48 34
196 29 34 48 50 51
197 29 34 48 50 52
198 9 53 32 34 35
199 9 43 36 34 35
200 32 38 36 34 35
201 59 35 34 36 37
202 32 46 48 34 35
203 9 50 48 34 35
204 59 35 34 48 49
205 7 53 32 34 36
206 30 36 34 48 46
207 7 50 48 34 36
208 32 36 34 48 49
209 21 36 43 46 48
210 21 36 43 46 40
211 22 36 43 46 47
212 33 36 38 40 42
213 30 36 38 40 46
214 32 36 38 40 41
215 39 36 38 42 40
216 32 48 34 36 37
217 22 46 43 36 37
218 54 44 43 36 37
219 54 45 43 36 37
220 32 40 38 36 37
221 60 37 36 38 42
222 59 37 36 38 39
223 30 38 36 34 48
224 21 46 43 36 38
225 29 38 36 43 44
226 29 38 36 43 45
227 7 43 46 40 38
228 30 38 40 46 48
229 32 38 40 46 47
230 39 46 40 42 38
231 45 38 42 40 41
232 9 43 36 38 39
233 60 39 38 40 42
234 32 46 40 38 39
235 59 39 38 40 41
236 45 40 42 38 39
237 7 43 36 38 40
238 29 40 46 43 44
239 29 40 46 43 45
240 7 50 48 46 40
241 32 40 46 48 49
242 60 41 40 38 42
243 9 43 46 40 41
244 32 48 46 40 41
245 59 41 40 46 47
246 10 43 46 40 42
247 33 48 46 40 42
248 60 47 46 40 42
249 10 43 36 38 42
250 33 46 40 38 42
251 7 43 36 34 48
252 6 43 46 48 50
253 9 43 46 48 49
254 29 48 46 43 44
255 54 44 43 46 47
256 29 48 46 43 45
257 54 45 43 46 47
258 1 53 50 48 46
259 29 46 48 50 51
260 29 46 48 50 52
261 9 50 48 46 47
262 59 47 46 48 49
263 20 48 50 53 54
264 20 48 50 53 55
265 7 53 32 34 48
266 2 53 50 48 49
267 54 51 50 48 49
268 54 52 50 48 49
269 53 51 50 53 54
270 53 51 50 53 55
271 53 52 50 53 54
272 53 52 50 53 55
273 7 56 29 27 68
274 6 56 59 61 63
275 7 56 59 61 72
276 9 56 59 61 62
277 7 56 59 68 66
278 9 56 59 68 69
279 29 61 59 56 57
280 29 68 59 56 57
281 54 57 56 59 60
282 29 61 59 56 58
283 29 68 59 56 58
284 54 58 56 59 60
285 21 66 63 61 59
286 29 59 61 63 64
287 29 59 61 63 65
288 30 59 61 72 70
289 33 59 61 72 74
290 32 59 61 72 73
291 7 63 66 68 59
292 30 59 68 66 70
293 32 59 68 66 67
294 9 63 61 59 60
295 32 72 61 59 60
296 59 60 59 61 62
297 32 66 68 59 60
298 59 60 59 68 69
299 30 61 59 68 66
300 32 61 59 68 69
301 21 61 63 66 70
302 21 61 63 66 68
303 22 61 63 66 67
304 30 61 72 70 66
305 33 61 72 70 74
306 32 61 72 70 71
307 39 61 72 74 70
308 32 68 59 61 62
309 22 66 63 61 62
310 54 64 63 61 62
311 54 65 63 61 62
312 32 70 72 61 62
313 60 62 61 72 74
314 59 62 61 72 73
315 7 63 61 59 68
316 7 63 61 72 70
317 10 63 61 72 74
318 9 63 61 72 73
319 7 63 66 70 72
320 10 63 66 70 74
321 9 63 66 70 71
322 9 63 66 68 69
323 29 72 61 63 64
324 29 70 66 63 64
325 29 68 66 63 64
326 54 64 63 66 67
327 29 72 61 63 65
328 29 70 66 63 65
329 29 68 66 63 65
330 54 65 63 66 67
331 21 66 63 61 72
332 33 66 70 72 74
333 32 66 70 72 73
334 39 66 70 74 72
335 32 72 70 66 67
336 60 67 66 70 74
337 59 67 66 70 71
338 59 67 66 68 69
339 30 68 66 70 72
340 33 68 66 70 74
341 32 68 66 70 71
342 30 68 59 61 72
343 32 70 66 68 69
344 45 70 74 72 73
345 60 71 70 72 74
346 59 71 70 72 73
347 45 72 74 70 71
348 60 73 72 70 74

Impropers

1 26 5 3 21 1
2 31 5 3 4 1
3 31 21 3 4 1
4 23 5 3 21 4
5 25 7 5 3 26
6 33 3 5 26 6
7 23 3 5 7 6
8 30 7 5 6 26
9 10 23 7 5 9
10 23 5 7 9 8
11 14 23 7 8 5
12 14 23 7 8 9
13 21 7 9 11 19
14 23 7 9 11 10
15 23 7 9 19 10
16 23 11 9 19 10
17 24 14 11 9 13
18 32 9 11 13 12
19 23 9 11 14 12
20 29 14 11 12 13
21 12 16 14 11 13
22 15 16 14 15 13
23 29 11 14 15 13
24 11 16 14 11 15
25 4 14 16 19 17
26 4 14 16 19 18
27 6 14 16 17 18
28 6 19 16 17 18
29 10 16 19 21 9
30 11 16 19 21 20
31 11 16 19 9 20
32 23 21 19 9 20
33 10 23 21 3 19
34 14 23 21 22 19
35 23 19 21 3 22
36 11 23 21 3 22
37 4 21 23 7 24
38 4 21 23 7 25
39 6 21 23 24 25
40 6 7 23 24 25
41 25 29 27 68 26
42 30 29 27 28 26
43 30 68 27 28 26
44 23 29 27 68 28
45 19 56 29 31 27
46 14 56 29 30 27
47 33 27 29 31 30
48 20 56 29 31 30
49 19 53 32 31 34
50 30 34 32 33 31
51 16 53 32 33 31
52 14 53 32 33 34
53 21 32 34 36 48
54 23 32 34 36 35
55 23 32 34 48 35
56 23 36 34 48 35
57 10 43 36 38 34
58 14 43 36 37 34
59 23 34 36 38 37
60 11 43 36 38 37
61 24 36 38 40 42
62 23 36 38 40 39
63 32 36 38 42 39
64 32 40 38 42 39
65 24 46 40 38 42
66 32 38 40 42 41
67 23 38 40 46 41
68 29 46 40 41 42
69 4 36 43 46 44
70 4 36 43 46 45
71 6 36 43 44 45
72 6 46 43 44 45
73 10 43 46 48 40
74 11 43 46 48 47
75 11 43 46 40 47
76 23 48 46 40 47
77 10 50 48 34 46
78 14 50 48 49 46
79 23 46 48 34 49
80 11 50 48 34 49
81 2 53 50 51 48
82 2 53 50 52 48
83 6 48 50 51 52
84 3 53 50 51 52
85 1 50 53 32 54
86 1 50 53 32 55
87 3 50 53 54 55
88 6 32 53 54 55
89 4 29 56 59 57
90 4 29 56 59 58
91 6 29 56 57 58
92 6 59 56 57 58
93 10 56 59 61 68
94 11 56 59 61 60
95 11 56 59 68 60
96 23 61 59 68 60
97 10 63 61 72 59
98 14 63 61 62 59
99 23 59 61 72 62
100 11 63 61 72 62
101 4 61 63 66 64
102 4 61 63 66 65
103 6 61 63 64 65
104 6 66 63 64 65
105 10 63 66 70 68
106 11 63 66 70 67
107 11 63 66 68 67
108 23 70 66 68 67
109 21 66 68 27 59
110 23 66 68 27 69
111 23 66 68 59 69
112 23 27 68 59 69
113 24 66 70 72 74
114 23 66 70 72 71
115 32 66 70 74 71
116 32 72 70 74 71
117 24 61 72 70 74
118 32 70 72 74 73
119 23 70 72 61 73
120 29 61 72 73 74
