delete edged atoms 
24 atoms
23 bonds
40 angles
51 dihedrals
24 impropers

Types

1	2
2	8
3	1
4	6
5	6
6	2
7	6
8	8
9	1
10	6
11	6
12	1
13	6
14	6
15	1
16	6
17	6
18	8
19	4
20	1
21	6
22	6
23	8
24	4

Charges

1	0.0800
2	-0.2660
3	0.0270
4	0.0530
5	0.0530
6	0.0800
7	0.0530
8	-0.2660
9	0.0270
10	0.0530
11	0.0530
12	-0.1060
13	0.0530
14	0.0530
15	0.0270
16	0.0530
17	0.0530
18	-0.1595
19	0.0265
20	0.0270
21	0.0530
22	0.0530
23	-0.1595
24	0.0265

Coords

1	4.9539178760	12.4552152896	9.9056065602
2	5.2208416161	13.2512867664	11.0287046339
3	4.9899925043	14.7210075602	11.0214548613
4	5.6090605414	15.2532059403	10.2884273882
5	3.9243775106	14.8202091039	10.9617157683
6	5.3906991587	15.2040113520	12.4475172392
7	6.4222324980	14.9885181619	12.6647676286
8	5.2127944118	16.5746258508	12.3224367883
9	6.2402682046	17.3954014353	11.7962730398
10	7.2024502299	17.0208312921	12.2167932517
11	6.3710784877	17.3878876608	10.6573255213
12	5.8342481869	18.8415589278	12.2779171552
13	6.3444305750	18.9964726131	13.1736755970
14	6.3290210880	19.5691602703	11.5669698544
15	4.3653412107	19.2027107471	12.6585376252
16	3.5202871518	18.5006012445	12.2629931914
17	3.9731186168	20.0526580001	12.1037467259
18	4.0382586108	19.3744927713	14.0524495751
19	4.4025363505	20.5526051836	14.6567946876
20	4.5435144737	14.8113404426	13.6990793181
21	4.3785410462	15.7048640746	14.3090299696
22	5.0082625515	14.0963064745	14.3511237989
23	3.2163634322	14.4169954362	13.4245553508
24	2.9345489363	13.0505866738	13.4885196582

Bonds

1	9	1	2
2	6	3	2
3	2	3	6
4	4	3	4
5	4	3	5
6	2	20	6
7	9	6	8
8	8	6	7
9	6	9	8
10	1	9	12
11	4	9	10
12	4	9	11
13	1	12	15
14	4	12	13
15	4	12	14
16	6	15	18
17	4	15	16
18	4	15	17
19	14	19	18
20	6	20	23
21	4	20	21
22	4	20	22
23	14	24	23

Angles

1	11	3	2	1
2	15	6	3	2
3	25	4	3	2
4	25	5	3	2
5	4	3	6	20
6	6	3	6	8
7	5	3	6	7
8	14	6	3	4
9	23	4	3	5
10	14	6	3	5
11	15	6	20	23
12	14	6	20	21
13	14	6	20	22
14	11	9	8	6
15	5	20	6	7
16	27	7	6	8
17	6	20	6	8
18	3	12	9	8
19	25	10	9	8
20	25	11	9	8
21	1	9	12	15
22	2	9	12	13
23	2	9	12	14
24	2	12	9	10
25	23	10	9	11
26	2	12	9	11
27	3	12	15	18
28	2	12	15	16
29	2	12	15	17
30	2	15	12	13
31	23	13	12	14
32	2	15	12	14
33	12	15	18	19
34	25	16	15	18
35	23	16	15	17
36	25	17	15	18
37	12	20	23	24
38	25	21	20	23
39	23	21	20	22
40	25	22	20	23

Dihedrals

1	16	6	3	2	1
2	19	1	2	3	4
3	19	1	2	3	5
4	6	20	6	3	2
5	40	2	3	6	8
6	33	7	6	3	2
7	6	3	6	20	23
8	5	3	6	20	21
9	5	3	6	20	22
10	8	3	6	8	9
11	5	20	6	3	4
12	30	4	3	6	8
13	29	4	3	6	7
14	5	20	6	3	5
15	30	5	3	6	8
16	29	5	3	6	7
17	17	6	20	23	24
18	3	12	9	8	6
19	19	6	8	9	10
20	19	6	8	9	11
21	33	7	6	20	23
22	29	21	20	6	7
23	29	22	20	6	7
24	14	9	8	6	7
25	40	23	20	6	8
26	30	21	20	6	8
27	30	22	20	6	8
28	2	15	12	9	8
29	28	13	12	9	8
30	28	14	12	9	8
31	8	20	6	8	9
32	2	9	12	15	18
33	1	9	12	15	16
34	1	9	12	15	17
35	1	15	12	9	10
36	27	10	9	12	13
37	27	10	9	12	14
38	1	15	12	9	11
39	27	11	9	12	13
40	27	11	9	12	14
41	4	12	15	18	19
42	28	13	12	15	18
43	27	13	12	15	16
44	27	13	12	15	17
45	28	14	12	15	18
46	27	14	12	15	16
47	27	14	12	15	17
48	25	19	18	15	16
49	25	19	18	15	17
50	25	24	23	20	21
51	25	24	23	20	22

Impropers

1	6	6	3	4	2
2	6	6	3	5	2
3	13	4	3	5	2
4	5	6	3	4	5
5	16	3	6	20	8
6	15	3	6	20	7
7	17	3	6	8	7
8	17	20	6	8	7
9	3	12	9	10	8
10	3	12	9	11	8
11	13	10	9	11	8
12	2	12	9	10	11
13	1	9	12	15	13
14	1	9	12	15	14
15	2	9	12	13	14
16	2	15	12	13	14
17	4	12	15	18	16
18	4	12	15	18	17
19	2	12	15	16	17
20	13	16	15	17	18
21	8	6	20	23	21
22	8	6	20	23	22
23	5	6	20	21	22
24	13	21	20	22	23