delete edged atoms 
24 atoms
23 bonds
40 angles
48 dihedrals
24 impropers

Types

1	2
2	8
3	1
4	6
5	6
6	1
7	6
8	6
9	1
10	6
11	6
12	8
13	4
14	4
15	8
16	1
17	6
18	6
19	3
20	6
21	1
22	6
23	6
24	7

Charges

1	0.0800
2	-0.2660
3	0.0270
4	0.0530
5	0.0530
6	-0.1060
7	0.0530
8	0.0530
9	0.0270
10	0.0530
11	0.0530
12	-0.1595
13	0.0265
14	0.0265
15	-0.1595
16	0.0270
17	0.0530
18	0.0530
19	0.0800
20	0.0530
21	0.0270
22	0.0530
23	0.0530
24	-0.2660

Coords

1	7.5959346339	6.3749045092	5.4879618139
2	7.1712585708	7.1252043668	4.2909063582
3	7.2970824091	6.5089099751	2.9458985121
4	7.3415358648	5.4385445262	2.8454690815
5	6.3921568074	6.8463788273	2.3423990110
6	8.3754417680	7.2667673939	2.2364792743
7	8.1501822008	8.3687704507	2.4958890171
8	9.3843035777	7.0367367263	2.6228411864
9	8.4122118076	7.0268129335	0.7017980371
10	8.7260046726	6.0061819072	0.4278755223
11	9.1039448026	7.6607109429	0.2791714511
12	7.1447694630	7.2210305784	0.0294264390
13	6.8924140536	6.1936255192	-0.8892131801
14	15.9547044528	2.0204988752	11.0471165292
15	14.6286734971	2.5258649925	11.0417613310
16	13.6201638529	1.8958669446	11.9276467692
17	12.7122376955	2.2390950115	11.3958116327
18	13.5335783881	0.8489683929	11.7838453765
19	13.5697195516	2.3535718553	13.4089364773
20	12.6926451736	3.0008915170	13.6793796996
21	14.7598828986	2.3907192933	14.3190242658
22	15.7754412893	2.1152446700	13.8910916277
23	14.7655283718	3.1240376337	15.1268025523
24	13.7436259789	1.3452717011	14.3562982787

Bonds

1	9	1	2
2	6	3	2
3	1	3	6
4	4	3	4
5	4	3	5
6	1	6	9
7	4	6	7
8	4	6	8
9	6	9	12
10	4	9	10
11	4	9	11
12	14	13	12
13	14	14	15
14	6	16	15
15	3	16	19
16	4	16	17
17	4	16	18
18	3	21	19
19	11	19	24
20	10	19	20
21	5	21	24
22	4	21	22
23	4	21	23

Angles

1	11	3	2	1
2	3	6	3	2
3	25	4	3	2
4	25	5	3	2
5	1	3	6	9
6	2	3	6	7
7	2	3	6	8
8	2	6	3	4
9	23	4	3	5
10	2	6	3	5
11	3	6	9	12
12	2	6	9	10
13	2	6	9	11
14	2	9	6	7
15	23	7	6	8
16	2	9	6	8
17	12	9	12	13
18	25	10	9	12
19	23	10	9	11
20	25	11	9	12
21	12	16	15	14
22	19	19	16	15
23	25	17	16	15
24	25	18	16	15
25	7	16	19	21
26	9	16	19	24
27	8	16	19	20
28	17	19	16	17
29	23	17	16	18
30	17	19	16	18
31	18	19	21	24
32	17	19	21	22
33	17	19	21	23
34	10	21	24	19
35	8	21	19	20
36	28	20	19	24
37	9	21	19	24
38	24	22	21	24
39	23	22	21	23
40	24	23	21	24

Dihedrals

1	3	6	3	2	1
2	19	1	2	3	4
3	19	1	2	3	5
4	2	9	6	3	2
5	28	7	6	3	2
6	28	8	6	3	2
7	2	3	6	9	12
8	1	3	6	9	10
9	1	3	6	9	11
10	1	9	6	3	4
11	27	4	3	6	7
12	27	4	3	6	8
13	1	9	6	3	5
14	27	5	3	6	7
15	27	5	3	6	8
16	4	6	9	12	13
17	28	7	6	9	12
18	27	7	6	9	10
19	27	7	6	9	11
20	28	8	6	9	12
21	27	8	6	9	10
22	27	8	6	9	11
23	25	13	12	9	10
24	25	13	12	9	11
25	20	19	16	15	14
26	25	14	15	16	17
27	25	14	15	16	18
28	11	21	19	16	15
29	39	24	19	16	15
30	36	20	19	16	15
31	10	16	19	21	24
32	9	16	19	21	22
33	9	16	19	21	23
34	12	16	19	24	21
35	9	21	19	16	17
36	32	17	16	19	24
37	31	17	16	19	20
38	9	21	19	16	18
39	32	18	16	19	24
40	31	18	16	19	20
41	21	19	24	21	22
42	21	19	24	21	23
43	35	20	19	21	24
44	31	22	21	19	20
45	31	23	21	19	20
46	13	21	24	19	20
47	32	22	21	19	24
48	32	23	21	19	24

Impropers

1	3	6	3	4	2
2	3	6	3	5	2
3	13	4	3	5	2
4	2	6	3	4	5
5	1	3	6	9	7
6	1	3	6	9	8
7	2	3	6	7	8
8	2	9	6	7	8
9	4	6	9	12	10
10	4	6	9	12	11
11	2	6	9	10	11
12	13	10	9	11	12
13	10	19	16	17	15
14	10	19	16	18	15
15	13	17	16	18	15
16	9	19	16	17	18
17	19	16	19	21	24
18	18	16	19	21	20
19	20	16	19	24	20
20	20	21	19	24	20
21	11	19	21	24	22
22	11	19	21	24	23
23	9	19	21	22	23
24	12	22	21	23	24