delete edged atoms 
30 atoms
32 bonds
64 angles
106 dihedrals
40 impropers

Types

1	2
2	7
3	2
4	5
5	2
6	5
7	7
8	2
9	5
10	1
11	5
12	5
13	2
14	5
15	1
16	5
17	5
18	2
19	5
20	2
21	2
22	1
23	5
24	5
25	2
26	5
27	2
28	2
29	2
30	5

Charges

1	0.0800
2	-0.2660
3	0.0800
4	0.0530
5	0.0800
6	0.0530
7	-0.2660
8	0.0800
9	0.0530
10	-0.1060
11	0.0530
12	0.0530
13	-0.0530
14	0.0530
15	-0.1060
16	0.0530
17	0.0530
18	-0.0530
19	0.0530
20	-0.0530
21	-0.0530
22	-0.1060
23	0.0530
24	0.0530
25	-0.0530
26	0.0530
27	-0.0530
28	-0.0530
29	-0.0530
30	0.0530

Coords

1	27.0443245767	8.0091931869	12.2595188568
2	25.8229045899	8.5882889659	12.6744009280
3	25.2009913609	9.8124646292	13.2021374450
4	25.8935022999	10.5600473979	13.6727077985
5	24.4650303258	10.4857921424	11.9401858629
6	23.9137658585	11.2981492265	12.3588126784
7	25.3964216673	11.0800830930	10.9943569909
8	25.1453783966	12.4205758212	10.4434662464
9	25.6786490299	13.1112851508	11.0875038878
10	23.7329973084	12.8698524773	10.1972188275
11	23.6880268661	13.9558436737	10.3653122446
12	23.0978527504	12.4626804329	10.9520552359
13	23.4950693331	12.6440352108	8.6017012298
14	22.4920641453	12.8683117743	8.3226250762
15	24.8013908176	13.4201160738	8.1476377078
16	25.0505208960	13.2839092611	7.0696471388
17	24.8767072120	14.4983954631	8.4045522689
18	25.6886190044	12.4463825080	8.9380470841
19	26.7725954531	12.6586841744	8.8421567354
20	25.3875761177	11.1767004083	8.0605340956
21	23.8063585021	11.2676586353	7.9404852081
22	23.6108052204	9.3036456868	11.4025576669
23	24.2030923911	8.6172690136	10.7649862698
24	22.8084189542	9.6278930163	10.7895062754
25	23.1081210891	8.6266833489	12.6996796793
26	22.0519911691	8.9164687453	12.7552254534
27	23.3569858632	6.9948866901	13.0763471901
28	23.2951906302	8.4366553269	15.0899341494
29	23.8300800824	9.3794295788	13.8881534152
30	23.3372785927	10.3440859365	14.0350278112

Bonds

1	9	1	2
2	9	3	2
3	5	3	5
4	5	3	29
5	7	3	4
6	2	22	5
7	9	5	7
8	7	5	6
9	9	8	7
10	2	10	8
11	5	8	18
12	7	8	9
13	2	10	13
14	4	10	11
15	4	10	12
16	2	15	13
17	5	13	21
18	7	13	14
19	2	15	18
20	4	15	16
21	4	15	17
22	5	18	20
23	7	18	19
24	5	20	21
25	2	22	25
26	4	22	23
27	4	22	24
28	5	25	27
29	5	25	29
30	7	25	26
31	5	28	29
32	7	29	30

Angles

1	24	1	2	3
2	18	5	3	2
3	18	29	3	2
4	33	4	3	2
5	4	22	5	3
6	18	3	5	7
7	16	3	5	6
8	14	3	29	28
9	14	3	29	25
10	16	3	29	30
11	16	5	3	4
12	16	29	3	4
13	14	5	3	29
14	11	5	22	25
15	13	5	22	23
16	13	5	22	24
17	24	5	7	8
18	5	22	5	6
19	33	6	5	7
20	7	22	5	7
21	7	10	8	7
22	18	18	8	7
23	33	9	8	7
24	11	8	10	13
25	13	8	10	11
26	13	8	10	12
27	4	15	18	8
28	14	8	18	20
29	16	8	18	19
30	5	10	8	9
31	16	18	8	9
32	4	10	8	18
33	3	10	13	15
34	4	10	13	21
35	5	10	13	14
36	13	13	10	11
37	31	11	10	12
38	13	13	10	12
39	11	13	15	18
40	13	13	15	16
41	13	13	15	17
42	14	13	21	20
43	5	15	13	14
44	16	21	13	14
45	4	15	13	21
46	4	15	18	20
47	5	15	18	19
48	13	18	15	16
49	31	16	15	17
50	13	18	15	17
51	14	18	20	21
52	16	20	18	19
53	4	22	25	27
54	4	22	25	29
55	5	22	25	26
56	13	25	22	23
57	31	23	22	24
58	13	25	22	24
59	14	25	29	28
60	16	25	29	30
61	16	27	25	26
62	16	29	25	26
63	14	27	25	29
64	16	28	29	30

Dihedrals

1	40	5	3	2	1
2	40	29	3	2	1
3	46	1	2	3	4
4	11	22	5	3	2
5	67	2	3	5	7
6	61	6	5	3	2
7	34	28	29	3	2
8	34	25	29	3	2
9	61	30	29	3	2
10	21	25	22	5	3
11	29	3	5	22	23
12	29	3	5	22	24
13	40	3	5	7	8
14	7	22	25	29	3
15	30	3	29	25	27
16	32	3	29	25	26
17	9	22	5	3	4
18	61	4	3	5	7
19	59	4	3	5	6
20	32	28	29	3	4
21	32	25	29	3	4
22	59	4	3	29	30
23	30	5	3	29	28
24	30	5	3	29	25
25	32	5	3	29	30
26	21	5	22	25	27
27	21	5	22	25	29
28	22	5	22	25	26
29	14	10	8	7	5
30	40	18	8	7	5
31	46	5	7	8	9
32	32	29	3	5	6
33	22	25	22	5	6
34	54	23	22	5	6
35	54	24	22	5	6
36	46	8	7	5	6
37	34	29	3	5	7
38	24	25	22	5	7
39	56	23	22	5	7
40	56	24	22	5	7
41	24	13	10	8	7
42	56	11	10	8	7
43	56	12	10	8	7
44	11	15	18	8	7
45	34	20	18	8	7
46	61	19	18	8	7
47	14	22	5	7	8
48	4	15	13	10	8
49	21	8	10	13	21
50	22	8	10	13	14
51	21	13	15	18	8
52	29	8	18	15	16
53	29	8	18	15	17
54	30	8	18	20	21
55	22	13	10	8	9
56	54	11	10	8	9
57	54	12	10	8	9
58	9	15	18	8	9
59	32	20	18	8	9
60	59	9	8	18	19
61	6	10	8	18	15
62	7	10	8	18	20
63	9	10	8	18	19
64	4	10	13	15	18
65	5	10	13	15	16
66	5	10	13	15	17
67	7	10	13	21	20
68	29	18	8	10	11
69	5	15	13	10	11
70	29	21	13	10	11
71	54	11	10	13	14
72	29	18	8	10	12
73	5	15	13	10	12
74	29	21	13	10	12
75	54	12	10	13	14
76	21	13	10	8	18
77	21	13	15	18	20
78	22	13	15	18	19
79	30	13	21	20	18
80	22	18	15	13	14
81	54	16	15	13	14
82	54	17	15	13	14
83	32	20	21	13	14
84	7	15	13	21	20
85	7	15	18	20	21
86	29	21	13	15	16
87	29	20	18	15	16
88	54	16	15	18	19
89	29	21	13	15	17
90	29	20	18	15	17
91	54	17	15	18	19
92	21	18	15	13	21
93	32	21	20	18	19
94	7	22	5	3	29
95	7	22	25	29	28
96	9	22	25	29	30
97	29	27	25	22	23
98	29	29	25	22	23
99	54	23	22	25	26
100	29	27	25	22	24
101	29	29	25	22	24
102	54	24	22	25	26
103	32	28	29	25	26
104	59	26	25	29	30
105	30	27	25	29	28
106	32	27	25	29	30

Impropers

1	25	5	3	29	2
2	30	5	3	4	2
3	30	29	3	4	2
4	23	5	3	29	4
5	19	22	5	7	3
6	14	22	5	6	3
7	33	3	5	7	6
8	20	22	5	7	6
9	13	10	8	18	7
10	16	10	8	9	7
11	30	18	8	9	7
12	11	10	8	18	9
13	4	8	10	13	11
14	4	8	10	13	12
15	6	8	10	11	12
16	6	13	10	11	12
17	8	10	13	15	21
18	9	10	13	15	14
19	11	10	13	21	14
20	11	15	13	21	14
21	4	13	15	18	16
22	4	13	15	18	17
23	6	13	15	16	17
24	6	18	15	16	17
25	10	15	18	20	8
26	11	15	18	20	19
27	11	15	18	8	19
28	23	20	18	8	19
29	4	5	22	25	23
30	4	5	22	25	24
31	6	5	22	23	24
32	6	25	22	23	24
33	10	22	25	27	29
34	11	22	25	27	26
35	11	22	25	29	26
36	23	27	25	29	26
37	21	28	29	3	25
38	23	28	29	3	30
39	23	28	29	25	30
40	23	3	29	25	30