delete edged atoms 
40 atoms
44 bonds
93 angles
165 dihedrals
60 impropers

Types

1	2
2	7
3	2
4	5
5	2
6	5
7	7
8	2
9	5
10	2
11	5
12	2
13	2
14	2
15	5
16	1
17	5
18	5
19	1
20	5
21	5
22	2
23	5
24	2
25	5
26	2
27	5
28	6
29	2
30	5
31	1
32	5
33	5
34	2
35	5
36	2
37	5
38	1
39	5
40	5

Charges

1	0.0800
2	-0.2660
3	0.0800
4	0.0530
5	0.0800
6	0.0530
7	-0.2660
8	0.0800
9	0.0530
10	-0.0530
11	0.0530
12	-0.0530
13	-0.0530
14	-0.0530
15	0.0530
16	-0.1060
17	0.0530
18	0.0530
19	-0.1060
20	0.0530
21	0.0530
22	-0.0530
23	0.0530
24	-0.0530
25	0.0530
26	0.0800
27	0.0530
28	-0.2660
29	0.0800
30	0.0530
31	-0.1060
32	0.0530
33	0.0530
34	-0.0530
35	0.0530
36	-0.0530
37	0.0530
38	-0.1060
39	0.0530
40	0.0530

Coords

1	33.5666797934	21.6744955175	35.2823061624
2	32.1946900727	21.2016175857	35.3949045608
3	30.9360342920	21.2665045913	36.1296579686
4	30.7913174882	20.2527380766	36.4985507827
5	30.8512871323	22.3501324088	37.2890365325
6	30.1528427032	21.8814317530	38.0239704791
7	32.0424684007	22.6484452147	37.8706692505
8	31.9168533005	23.4909934068	39.0501753543
9	31.5149857551	24.4607566225	38.5906629897
10	33.2788066055	23.5050591767	39.6861130033
11	33.7952097433	22.5122529664	39.5416557506
12	34.2282781636	24.5566511627	39.0474413109
13	33.7360757496	25.4115348814	41.1577476851
14	33.0236390634	24.0820535709	41.1387503564
15	33.5781025216	23.4550111779	41.8813442562
16	31.5108768806	24.0096405056	41.3448575134
17	31.1388705924	24.9423810090	41.0020309550
18	31.1755376615	23.7642527717	42.3598794884
19	30.9690304165	23.1882756518	40.1973058101
20	30.9644583186	22.1309065835	40.5542769820
21	29.9612749026	23.4655220748	39.9562126695
22	29.8589769775	23.4656576702	36.7930318978
23	29.6071483613	24.1252623895	37.6294446318
24	30.4932238638	24.0835059563	35.5773151033
25	31.5325622788	23.9793997586	35.8373851921
26	30.4472232048	25.3756596207	34.7319082295
27	29.7896546589	26.1864537973	35.0390521124
28	31.8481480559	25.6158294128	34.3024930494
29	30.8942977768	25.0528492879	33.3866119374
30	30.8821834519	25.7221107165	32.4393351467
31	30.9396020963	23.5094416463	33.2973413510
32	31.9534240675	22.9901947344	33.1500284948
33	30.4125335418	23.2754321940	32.3678046581
34	30.0782258417	23.0731743218	34.4552352446
35	29.0670239619	23.3569121013	34.0550873372
36	29.7105101846	21.8145821279	35.2792367581
37	29.1405018217	21.0779629949	34.6382438552
38	28.7824618792	22.5480681149	36.2353694569
39	27.9647037355	23.1066235558	35.7237015373
40	28.3014487430	21.9186974974	36.9799186867

Bonds

1	9	1	2
2	9	3	2
3	5	3	5
4	5	3	36
5	7	3	4
6	5	5	22
7	9	5	7
8	7	5	6
9	9	8	7
10	5	8	10
11	2	19	8
12	7	8	9
13	5	10	12
14	5	10	14
15	7	10	11
16	5	13	14
17	2	16	14
18	7	14	15
19	1	16	19
20	4	16	17
21	4	16	18
22	4	19	20
23	4	19	21
24	5	22	24
25	2	38	22
26	7	22	23
27	5	24	26
28	5	24	34
29	7	24	25
30	8	26	28
31	5	26	29
32	7	26	27
33	8	29	28
34	2	31	29
35	7	29	30
36	2	31	34
37	4	31	32
38	4	31	33
39	5	34	36
40	7	34	35
41	2	38	36
42	7	36	37
43	4	38	39
44	4	38	40

Angles

1	24	1	2	3
2	18	5	3	2
3	18	36	3	2
4	33	4	3	2
5	14	3	5	22
6	18	3	5	7
7	16	3	5	6
8	14	3	36	34
9	4	38	36	3
10	16	3	36	37
11	16	5	3	4
12	16	36	3	4
13	14	5	3	36
14	14	5	22	24
15	4	38	22	5
16	16	5	22	23
17	24	5	7	8
18	16	22	5	6
19	33	6	5	7
20	18	22	5	7
21	18	10	8	7
22	7	19	8	7
23	33	9	8	7
24	14	8	10	12
25	14	8	10	14
26	16	8	10	11
27	1	16	19	8
28	13	8	19	20
29	13	8	19	21
30	16	10	8	9
31	5	19	8	9
32	4	19	8	10
33	14	10	14	13
34	4	16	14	10
35	16	10	14	15
36	16	12	10	11
37	16	14	10	11
38	14	12	10	14
39	4	16	14	13
40	16	13	14	15
41	1	19	16	14
42	13	14	16	17
43	13	14	16	18
44	5	16	14	15
45	2	16	19	20
46	2	16	19	21
47	2	19	16	17
48	31	17	16	18
49	2	19	16	18
50	31	20	19	21
51	14	22	24	26
52	14	22	24	34
53	16	22	24	25
54	11	22	38	36
55	13	22	38	39
56	13	22	38	40
57	16	24	22	23
58	5	38	22	23
59	4	38	22	24
60	17	24	26	28
61	14	24	26	29
62	16	24	26	27
63	4	31	34	24
64	14	24	34	36
65	16	24	34	35
66	16	26	24	25
67	16	34	24	25
68	14	26	24	34
69	23	26	28	29
70	17	26	29	28
71	4	31	29	26
72	16	26	29	30
73	32	27	26	28
74	16	29	26	27
75	17	29	26	28
76	6	31	29	28
77	32	30	29	28
78	11	29	31	34
79	13	29	31	32
80	13	29	31	33
81	5	31	29	30
82	4	31	34	36
83	5	31	34	35
84	13	34	31	32
85	31	32	31	33
86	13	34	31	33
87	4	38	36	34
88	16	34	36	37
89	16	36	34	35
90	13	36	38	39
91	13	36	38	40
92	5	38	36	37
93	31	39	38	40

Dihedrals

1	40	5	3	2	1
2	40	36	3	2	1
3	46	1	2	3	4
4	34	22	5	3	2
5	67	2	3	5	7
6	61	6	5	3	2
7	34	34	36	3	2
8	11	38	36	3	2
9	61	37	36	3	2
10	30	3	5	22	24
11	7	38	22	5	3
12	32	3	5	22	23
13	40	3	5	7	8
14	7	31	34	36	3
15	30	3	36	34	24
16	32	3	36	34	35
17	21	22	38	36	3
18	29	3	36	38	39
19	29	3	36	38	40
20	32	22	5	3	4
21	61	4	3	5	7
22	59	4	3	5	6
23	32	34	36	3	4
24	9	38	36	3	4
25	59	4	3	36	37
26	30	5	3	36	34
27	7	38	36	3	5
28	32	5	3	36	37
29	30	5	22	24	26
30	30	5	22	24	34
31	32	5	22	24	25
32	21	36	38	22	5
33	29	5	22	38	39
34	29	5	22	38	40
35	40	10	8	7	5
36	14	19	8	7	5
37	46	5	7	8	9
38	32	36	3	5	6
39	32	24	22	5	6
40	9	38	22	5	6
41	59	6	5	22	23
42	46	8	7	5	6
43	34	36	3	5	7
44	34	24	22	5	7
45	11	38	22	5	7
46	61	23	22	5	7
47	34	12	10	8	7
48	34	14	10	8	7
49	61	11	10	8	7
50	3	16	19	8	7
51	56	20	19	8	7
52	56	21	19	8	7
53	40	22	5	7	8
54	30	8	10	14	13
55	7	16	14	10	8
56	32	8	10	14	15
57	19	8	19	16	14
58	20	8	19	16	17
59	20	8	19	16	18
60	32	12	10	8	9
61	32	14	10	8	9
62	59	9	8	10	11
63	2	16	19	8	9
64	54	20	19	8	9
65	54	21	19	8	9
66	1	16	19	8	10
67	29	10	8	19	20
68	29	10	8	19	21
69	1	19	16	14	10
70	29	10	14	16	17
71	29	10	14	16	18
72	9	19	8	10	11
73	32	13	14	10	11
74	9	16	14	10	11
75	59	11	10	14	15
76	7	19	8	10	12
77	30	12	10	14	13
78	7	16	14	10	12
79	32	12	10	14	15
80	1	19	16	14	13
81	29	13	14	16	17
82	29	13	14	16	18
83	20	14	16	19	20
84	20	14	16	19	21
85	7	19	8	10	14
86	2	19	16	14	15
87	54	17	16	14	15
88	54	18	16	14	15
89	53	17	16	19	20
90	53	17	16	19	21
91	53	18	16	19	20
92	53	18	16	19	21
93	30	22	5	3	36
94	33	22	24	26	28
95	30	22	24	26	29
96	32	22	24	26	27
97	7	31	34	24	22
98	30	22	24	34	36
99	32	22	24	34	35
100	21	22	38	36	34
101	22	22	38	36	37
102	32	26	24	22	23
103	32	34	24	22	23
104	59	23	22	24	25
105	22	36	38	22	23
106	54	39	38	22	23
107	54	40	38	22	23
108	21	36	38	22	24
109	29	24	22	38	39
110	29	24	22	38	40
111	39	24	26	28	29
112	33	24	26	29	28
113	7	31	29	26	24
114	32	24	26	29	30
115	21	29	31	34	24
116	29	24	34	31	32
117	29	24	34	31	33
118	7	38	36	34	24
119	32	24	34	36	37
120	9	38	22	24	25
121	60	25	24	26	28
122	32	29	26	24	25
123	59	25	24	26	27
124	9	31	34	24	25
125	32	36	34	24	25
126	59	25	24	34	35
127	7	38	22	24	26
128	7	31	34	24	26
129	30	26	24	34	36
130	32	26	24	34	35
131	13	31	29	28	26
132	45	26	28	29	30
133	21	34	31	29	26
134	29	26	29	31	32
135	29	26	29	31	33
136	32	34	24	26	27
137	45	29	28	26	27
138	60	27	26	29	28
139	9	31	29	26	27
140	59	27	26	29	30
141	33	34	24	26	28
142	10	31	29	26	28
143	60	30	29	26	28
144	23	34	31	29	28
145	55	32	31	29	28
146	55	33	31	29	28
147	21	29	31	34	36
148	22	29	31	34	35
149	30	29	26	24	34
150	22	34	31	29	30
151	54	32	31	29	30
152	54	33	31	29	30
153	6	31	34	36	38
154	9	31	34	36	37
155	29	36	34	31	32
156	54	32	31	34	35
157	29	36	34	31	33
158	54	33	31	34	35
159	29	34	36	38	39
160	29	34	36	38	40
161	7	38	22	24	34
162	9	38	36	34	35
163	59	35	34	36	37
164	54	39	38	36	37
165	54	40	38	36	37

Impropers

1	25	5	3	36	2
2	30	5	3	4	2
3	30	36	3	4	2
4	23	5	3	36	4
5	25	3	5	22	7
6	23	3	5	22	6
7	33	3	5	7	6
8	33	22	5	7	6
9	19	19	8	7	10
10	30	10	8	9	7
11	16	19	8	9	7
12	14	19	8	9	10
13	21	8	10	12	14
14	23	8	10	12	11
15	23	8	10	14	11
16	23	12	10	14	11
17	10	16	14	10	13
18	14	16	14	15	13
19	23	13	14	10	15
20	11	16	14	10	15
21	2	19	16	17	14
22	2	19	16	18	14
23	6	14	16	17	18
24	3	19	16	17	18
25	1	16	19	8	20
26	1	16	19	8	21
27	3	16	19	20	21
28	6	8	19	20	21
29	10	38	22	5	24
30	23	5	22	24	23
31	14	38	22	23	5
32	14	38	22	23	24
33	21	22	24	26	34
34	23	22	24	26	25
35	23	22	24	34	25
36	23	26	24	34	25
37	24	29	26	24	28
38	32	24	26	28	27
39	23	24	26	29	27
40	29	29	26	27	28
41	12	31	29	26	28
42	15	31	29	30	28
43	29	26	29	30	28
44	11	31	29	26	30
45	4	29	31	34	32
46	4	29	31	34	33
47	6	29	31	32	33
48	6	34	31	32	33
49	10	31	34	36	24
50	11	31	34	36	35
51	11	31	34	24	35
52	23	36	34	24	35
53	10	38	36	3	34
54	14	38	36	37	34
55	23	34	36	3	37
56	11	38	36	3	37
57	4	36	38	22	39
58	4	36	38	22	40
59	6	36	38	39	40
60	6	22	38	39	40