delete edged atoms 
32 atoms
34 bonds
69 angles
114 dihedrals
44 impropers

Types

1	2
2	7
3	2
4	5
5	2
6	5
7	7
8	2
9	5
10	1
11	5
12	5
13	1
14	5
15	5
16	2
17	5
18	2
19	2
20	2
21	5
22	2
23	5
24	2
25	5
26	2
27	2
28	2
29	5
30	1
31	5
32	5

Charges

1	0.0800
2	-0.2660
3	0.0800
4	0.0530
5	0.0800
6	0.0530
7	-0.2660
8	0.0800
9	0.0530
10	-0.1060
11	0.0530
12	0.0530
13	-0.1060
14	0.0530
15	0.0530
16	-0.0530
17	0.0530
18	-0.0530
19	-0.0530
20	-0.0530
21	0.0530
22	-0.0530
23	0.0530
24	-0.0530
25	0.0530
26	0.0800
27	-0.0530
28	-0.0530
29	0.0530
30	-0.1060
31	0.0530
32	0.0530

Coords

1	2.1967690698	38.3519385111	39.6679953036
2	1.4565079224	37.9561694375	38.4519414717
3	1.0459347538	36.5406520446	37.7654355948
4	-0.0740399237	36.6410502217	37.5469180404
5	1.9193273896	36.2597960726	36.5467892949
6	1.3863287264	35.7181837908	35.8172840480
7	2.4906371741	37.4007354468	35.8375672575
8	1.8139689331	37.6110612791	34.6296059116
9	0.7640368265	37.7731983477	34.8789473844
10	2.4119415278	38.8847955051	33.8840252737
11	1.6139653216	39.6330321175	33.7349576175
12	3.1350606501	39.3479768352	34.5691366881
13	3.0079985441	38.4435995956	32.5483316630
14	3.9240677380	38.9430640335	32.2100164929
15	2.2237389656	38.7108844734	31.8029674750
16	3.2079484964	36.8913940355	32.7246230454
17	4.0694703313	36.8220054844	33.4102304464
18	3.1111472709	35.5910327053	31.7234908926
19	2.4376834183	34.8469190161	33.8367409399
20	2.0609865750	36.4380120682	33.6328184714
21	1.2180253610	36.5753080962	32.9557137236
22	2.6964043266	35.2774103546	37.4143998091
23	3.6654380938	34.9777227390	37.0329455984
24	2.6947132202	35.6787486957	38.9989851261
25	3.4296458083	36.4865529164	38.9922442996
26	3.4047634162	34.6305594001	39.8483046715
27	1.0099786010	35.8846266727	39.7711141849
28	1.3166194970	35.0430780208	38.6554346440
29	0.4415242447	34.3330488515	38.9121848453
30	1.6223916722	34.1729418095	37.5097821506
31	2.0121453799	33.1432108083	37.9012293542
32	0.9952873443	33.9547703571	36.6117215990

Bonds

1	9	1	2
2	9	3	2
3	5	3	5
4	5	3	28
5	7	3	4
6	5	5	22
7	9	5	7
8	7	5	6
9	9	8	7
10	2	10	8
11	5	8	20
12	7	8	9
13	1	10	13
14	4	10	11
15	4	10	12
16	2	13	16
17	4	13	14
18	4	13	15
19	5	16	18
20	5	16	20
21	7	16	17
22	5	19	20
23	7	20	21
24	5	22	24
25	2	30	22
26	7	22	23
27	5	24	26
28	5	24	27
29	7	24	25
30	5	27	28
31	2	30	28
32	7	28	29
33	4	30	31
34	4	30	32

Angles

1	24	1	2	3
2	18	5	3	2
3	18	28	3	2
4	33	4	3	2
5	14	3	5	22
6	18	3	5	7
7	16	3	5	6
8	14	3	28	27
9	4	30	28	3
10	16	3	28	29
11	16	5	3	4
12	16	28	3	4
13	14	5	3	28
14	14	5	22	24
15	4	30	22	5
16	16	5	22	23
17	24	5	7	8
18	16	22	5	6
19	33	6	5	7
20	18	22	5	7
21	7	10	8	7
22	18	20	8	7
23	33	9	8	7
24	1	13	10	8
25	13	8	10	11
26	13	8	10	12
27	14	8	20	19
28	14	8	20	16
29	16	8	20	21
30	5	10	8	9
31	16	20	8	9
32	4	10	8	20
33	1	10	13	16
34	2	10	13	14
35	2	10	13	15
36	2	13	10	11
37	31	11	10	12
38	2	13	10	12
39	4	13	16	18
40	4	13	16	20
41	5	13	16	17
42	13	16	13	14
43	31	14	13	15
44	13	16	13	15
45	14	16	20	19
46	16	16	20	21
47	16	18	16	17
48	16	20	16	17
49	14	18	16	20
50	16	19	20	21
51	14	22	24	26
52	14	22	24	27
53	16	22	24	25
54	11	22	30	28
55	13	22	30	31
56	13	22	30	32
57	16	24	22	23
58	5	30	22	23
59	4	30	22	24
60	14	24	27	28
61	16	26	24	25
62	16	27	24	25
63	14	26	24	27
64	4	30	28	27
65	16	27	28	29
66	13	28	30	31
67	13	28	30	32
68	5	30	28	29
69	31	31	30	32

Dihedrals

1	40	5	3	2	1
2	40	28	3	2	1
3	46	1	2	3	4
4	34	22	5	3	2
5	67	2	3	5	7
6	61	6	5	3	2
7	34	27	28	3	2
8	11	30	28	3	2
9	61	29	28	3	2
10	30	3	5	22	24
11	7	30	22	5	3
12	32	3	5	22	23
13	40	3	5	7	8
14	30	3	28	27	24
15	21	22	30	28	3
16	29	3	28	30	31
17	29	3	28	30	32
18	32	22	5	3	4
19	61	4	3	5	7
20	59	4	3	5	6
21	32	27	28	3	4
22	9	30	28	3	4
23	59	4	3	28	29
24	30	5	3	28	27
25	7	30	28	3	5
26	32	5	3	28	29
27	30	5	22	24	26
28	30	5	22	24	27
29	32	5	22	24	25
30	21	28	30	22	5
31	29	5	22	30	31
32	29	5	22	30	32
33	14	10	8	7	5
34	40	20	8	7	5
35	46	5	7	8	9
36	32	28	3	5	6
37	32	24	22	5	6
38	9	30	22	5	6
39	59	6	5	22	23
40	46	8	7	5	6
41	34	28	3	5	7
42	34	24	22	5	7
43	11	30	22	5	7
44	61	23	22	5	7
45	3	13	10	8	7
46	56	11	10	8	7
47	56	12	10	8	7
48	34	19	20	8	7
49	34	16	20	8	7
50	61	21	20	8	7
51	40	22	5	7	8
52	19	8	10	13	16
53	20	8	10	13	14
54	20	8	10	13	15
55	7	13	16	20	8
56	30	8	20	16	18
57	32	8	20	16	17
58	2	13	10	8	9
59	54	11	10	8	9
60	54	12	10	8	9
61	32	19	20	8	9
62	32	16	20	8	9
63	59	9	8	20	21
64	7	10	8	20	19
65	7	10	8	20	16
66	9	10	8	20	21
67	1	10	13	16	18
68	1	10	13	16	20
69	2	10	13	16	17
70	29	20	8	10	11
71	20	16	13	10	11
72	53	11	10	13	14
73	53	11	10	13	15
74	29	20	8	10	12
75	20	16	13	10	12
76	53	12	10	13	14
77	53	12	10	13	15
78	1	13	10	8	20
79	7	13	16	20	19
80	9	13	16	20	21
81	29	18	16	13	14
82	29	20	16	13	14
83	54	14	13	16	17
84	29	18	16	13	15
85	29	20	16	13	15
86	54	15	13	16	17
87	32	19	20	16	17
88	59	17	16	20	21
89	30	18	16	20	19
90	32	18	16	20	21
91	30	22	5	3	28
92	30	22	24	27	28
93	21	22	30	28	27
94	22	22	30	28	29
95	32	26	24	22	23
96	32	27	24	22	23
97	59	23	22	24	25
98	22	28	30	22	23
99	54	31	30	22	23
100	54	32	30	22	23
101	21	28	30	22	24
102	29	24	22	30	31
103	29	24	22	30	32
104	7	30	28	27	24
105	32	24	27	28	29
106	9	30	22	24	25
107	32	28	27	24	25
108	7	30	22	24	26
109	30	26	24	27	28
110	29	27	28	30	31
111	29	27	28	30	32
112	7	30	22	24	27
113	54	31	30	28	29
114	54	32	30	28	29

Impropers

1	25	5	3	28	2
2	30	5	3	4	2
3	30	28	3	4	2
4	23	5	3	28	4
5	25	3	5	22	7
6	23	3	5	22	6
7	33	3	5	7	6
8	33	22	5	7	6
9	13	10	8	20	7
10	16	10	8	9	7
11	30	20	8	9	7
12	11	10	8	20	9
13	2	13	10	11	8
14	2	13	10	12	8
15	6	8	10	11	12
16	3	13	10	11	12
17	1	10	13	16	14
18	1	10	13	16	15
19	3	10	13	14	15
20	6	16	13	14	15
21	10	13	16	18	20
22	11	13	16	18	17
23	11	13	16	20	17
24	23	18	16	20	17
25	21	19	20	8	16
26	23	19	20	8	21
27	23	19	20	16	21
28	23	8	20	16	21
29	10	30	22	5	24
30	23	5	22	24	23
31	14	30	22	23	5
32	14	30	22	23	24
33	21	22	24	26	27
34	23	22	24	26	25
35	23	22	24	27	25
36	23	26	24	27	25
37	10	30	28	3	27
38	14	30	28	29	27
39	23	27	28	3	29
40	11	30	28	3	29
41	4	28	30	22	31
42	4	28	30	22	32
43	6	28	30	31	32
44	6	22	30	31	32