delete edged atoms 
40 atoms
44 bonds
93 angles
165 dihedrals
60 impropers

Types

1	2
2	7
3	2
4	5
5	2
6	5
7	7
8	2
9	5
10	1
11	5
12	5
13	2
14	5
15	2
16	5
17	2
18	5
19	6
20	2
21	5
22	1
23	5
24	5
25	2
26	5
27	2
28	5
29	1
30	5
31	5
32	1
33	5
34	5
35	2
36	5
37	2
38	2
39	2
40	5

Charges

1	0.0800
2	-0.2660
3	0.0800
4	0.0530
5	0.0800
6	0.0530
7	-0.2660
8	0.0800
9	0.0530
10	-0.1060
11	0.0530
12	0.0530
13	-0.0530
14	0.0530
15	-0.0530
16	0.0530
17	0.0800
18	0.0530
19	-0.2660
20	0.0800
21	0.0530
22	-0.1060
23	0.0530
24	0.0530
25	-0.0530
26	0.0530
27	-0.0530
28	0.0530
29	-0.1060
30	0.0530
31	0.0530
32	-0.1060
33	0.0530
34	0.0530
35	-0.0530
36	0.0530
37	-0.0530
38	-0.0530
39	-0.0530
40	0.0530

Coords

1	2.2281527153	9.4019604006	14.5745789993
2	2.0419465398	8.1725734048	15.2858251008
3	2.1337343599	7.8612843024	16.6664732054
4	1.5804105155	6.9498013136	16.5763134989
5	1.1710490764	8.5641184236	17.6596405531
6	0.5963815325	7.9432682776	18.3253516103
7	0.1822291472	9.3842596249	17.0243924152
8	-0.3912757264	10.3720390691	17.7975300382
9	-0.2968099527	10.0987779084	18.9220113426
10	-1.8038311732	10.9235484986	17.7061450657
11	-2.7308918456	10.3190105098	17.8432817016
12	-1.8378305669	11.2133326122	16.6060077407
13	-1.5241520036	12.2854095125	18.4367976473
14	-2.3441297395	12.7906048848	18.9258051120
15	-0.0285321944	12.5268355356	19.3158832015
16	-0.0230662496	11.9034990503	20.2326796070
17	0.2096221391	14.0180375329	19.7104891293
18	-0.5682450273	14.5584589850	20.2995330637
19	1.5975641507	14.3306888144	20.0822750647
20	1.1664865104	14.7470762023	18.8155853564
21	1.1520265798	15.8096252606	18.5394370985
22	1.7296129287	13.7170882489	17.7321792470
23	2.8078272453	13.7091447610	17.6668012978
24	1.3300234101	14.0165620584	16.7197797679
25	1.2041639852	12.2742014660	18.2703094799
26	2.0923605352	11.6613006993	18.5041396930
27	0.2375281549	11.7735896019	17.2301598274
28	0.6983859950	11.5113246155	16.2904163151
29	-0.9567273006	12.9138523971	17.1760386338
30	-0.6163991682	13.9410298063	17.3254527739
31	-1.6600774348	12.9576656179	16.3662478320
32	2.2316391722	9.0344212339	18.7578386798
33	2.8439746745	9.9085208350	18.4264364081
34	1.7748548000	9.3271884888	19.7488907968
35	3.2635637555	7.8922614856	18.7788996897
36	4.1679887640	8.2573669101	19.2523046807
37	3.1217068748	6.3393364181	19.2330131744
38	4.1462742883	6.2765065822	17.2569226587
39	3.5467055417	7.7024329906	17.2787983546
40	4.3213971938	8.5281869992	16.9193258673

Bonds

1	9	1	2
2	9	3	2
3	5	3	5
4	5	3	39
5	7	3	4
6	2	32	5
7	9	5	7
8	7	5	6
9	9	8	7
10	2	10	8
11	5	8	27
12	7	8	9
13	2	10	13
14	4	10	11
15	4	10	12
16	5	13	15
17	2	29	13
18	7	13	14
19	5	15	17
20	5	15	25
21	7	15	16
22	5	17	20
23	8	17	19
24	7	17	18
25	8	20	19
26	2	22	20
27	7	20	21
28	2	22	25
29	4	22	23
30	4	22	24
31	5	25	27
32	7	25	26
33	2	29	27
34	7	27	28
35	4	29	30
36	4	29	31
37	2	32	35
38	4	32	33
39	4	32	34
40	5	35	37
41	5	35	39
42	7	35	36
43	5	38	39
44	7	39	40

Angles

1	24	1	2	3
2	18	5	3	2
3	18	39	3	2
4	33	4	3	2
5	4	32	5	3
6	18	3	5	7
7	16	3	5	6
8	14	3	39	38
9	14	3	39	35
10	16	3	39	40
11	16	5	3	4
12	16	39	3	4
13	14	5	3	39
14	11	5	32	35
15	13	5	32	33
16	13	5	32	34
17	24	5	7	8
18	5	32	5	6
19	33	6	5	7
20	7	32	5	7
21	7	10	8	7
22	18	27	8	7
23	33	9	8	7
24	11	8	10	13
25	13	8	10	11
26	13	8	10	12
27	14	8	27	25
28	4	29	27	8
29	16	8	27	28
30	5	10	8	9
31	16	27	8	9
32	4	10	8	27
33	4	10	13	15
34	3	10	13	29
35	5	10	13	14
36	13	13	10	11
37	31	11	10	12
38	13	13	10	12
39	14	13	15	17
40	14	13	15	25
41	16	13	15	16
42	11	13	29	27
43	13	13	29	30
44	13	13	29	31
45	16	15	13	14
46	5	29	13	14
47	4	29	13	15
48	14	15	17	20
49	17	15	17	19
50	16	15	17	18
51	4	22	25	15
52	14	15	25	27
53	16	15	25	26
54	16	17	15	16
55	16	25	15	16
56	14	17	15	25
57	4	22	20	17
58	17	17	20	19
59	16	17	20	21
60	23	17	19	20
61	16	20	17	18
62	32	18	17	19
63	17	20	17	19
64	6	22	20	19
65	32	21	20	19
66	11	20	22	25
67	13	20	22	23
68	13	20	22	24
69	5	22	20	21
70	4	22	25	27
71	5	22	25	26
72	13	25	22	23
73	31	23	22	24
74	13	25	22	24
75	4	29	27	25
76	16	25	27	28
77	16	27	25	26
78	13	27	29	30
79	13	27	29	31
80	5	29	27	28
81	31	30	29	31
82	4	32	35	37
83	4	32	35	39
84	5	32	35	36
85	13	35	32	33
86	31	33	32	34
87	13	35	32	34
88	14	35	39	38
89	16	35	39	40
90	16	37	35	36
91	16	39	35	36
92	14	37	35	39
93	16	38	39	40

Dihedrals

1	40	5	3	2	1
2	40	39	3	2	1
3	46	1	2	3	4
4	11	32	5	3	2
5	67	2	3	5	7
6	61	6	5	3	2
7	34	38	39	3	2
8	34	35	39	3	2
9	61	40	39	3	2
10	21	35	32	5	3
11	29	3	5	32	33
12	29	3	5	32	34
13	40	3	5	7	8
14	7	32	35	39	3
15	30	3	39	35	37
16	32	3	39	35	36
17	9	32	5	3	4
18	61	4	3	5	7
19	59	4	3	5	6
20	32	38	39	3	4
21	32	35	39	3	4
22	59	4	3	39	40
23	30	5	3	39	38
24	30	5	3	39	35
25	32	5	3	39	40
26	21	5	32	35	37
27	21	5	32	35	39
28	22	5	32	35	36
29	14	10	8	7	5
30	40	27	8	7	5
31	46	5	7	8	9
32	32	39	3	5	6
33	22	35	32	5	6
34	54	33	32	5	6
35	54	34	32	5	6
36	46	8	7	5	6
37	34	39	3	5	7
38	24	35	32	5	7
39	56	33	32	5	7
40	56	34	32	5	7
41	24	13	10	8	7
42	56	11	10	8	7
43	56	12	10	8	7
44	34	25	27	8	7
45	11	29	27	8	7
46	61	28	27	8	7
47	14	32	5	7	8
48	21	8	10	13	15
49	4	29	13	10	8
50	22	8	10	13	14
51	7	22	25	27	8
52	30	8	27	25	15
53	32	8	27	25	26
54	21	13	29	27	8
55	29	8	27	29	30
56	29	8	27	29	31
57	22	13	10	8	9
58	54	11	10	8	9
59	54	12	10	8	9
60	32	25	27	8	9
61	9	29	27	8	9
62	59	9	8	27	28
63	7	10	8	27	25
64	6	10	8	27	29
65	9	10	8	27	28
66	7	10	13	15	17
67	7	10	13	15	25
68	9	10	13	15	16
69	4	10	13	29	27
70	5	10	13	29	30
71	5	10	13	29	31
72	29	27	8	10	11
73	29	15	13	10	11
74	5	29	13	10	11
75	54	11	10	13	14
76	29	27	8	10	12
77	29	15	13	10	12
78	5	29	13	10	12
79	54	12	10	13	14
80	21	13	10	8	27
81	30	13	15	17	20
82	33	13	15	17	19
83	32	13	15	17	18
84	7	22	25	15	13
85	30	13	15	25	27
86	32	13	15	25	26
87	21	13	29	27	25
88	22	13	29	27	28
89	32	17	15	13	14
90	32	25	15	13	14
91	59	14	13	15	16
92	22	27	29	13	14
93	54	30	29	13	14
94	54	31	29	13	14
95	21	27	29	13	15
96	29	15	13	29	30
97	29	15	13	29	31
98	7	22	20	17	15
99	33	15	17	20	19
100	32	15	17	20	21
101	39	15	17	19	20
102	21	20	22	25	15
103	29	15	25	22	23
104	29	15	25	22	24
105	7	29	27	25	15
106	32	15	25	27	28
107	9	29	13	15	16
108	32	20	17	15	16
109	60	16	15	17	19
110	59	16	15	17	18
111	9	22	25	15	16
112	32	27	25	15	16
113	59	16	15	25	26
114	7	29	13	15	17
115	7	22	25	15	17
116	30	17	15	25	27
117	32	17	15	25	26
118	21	25	22	20	17
119	29	17	20	22	23
120	29	17	20	22	24
121	13	22	20	19	17
122	45	17	19	20	21
123	32	25	15	17	18
124	9	22	20	17	18
125	60	18	17	20	19
126	59	18	17	20	21
127	45	20	19	17	18
128	33	25	15	17	19
129	10	22	20	17	19
130	60	21	20	17	19
131	23	25	22	20	19
132	55	23	22	20	19
133	55	24	22	20	19
134	30	20	17	15	25
135	21	20	22	25	27
136	22	20	22	25	26
137	22	25	22	20	21
138	54	23	22	20	21
139	54	24	22	20	21
140	6	22	25	27	29
141	9	22	25	27	28
142	29	27	25	22	23
143	54	23	22	25	26
144	29	27	25	22	24
145	54	24	22	25	26
146	29	25	27	29	30
147	29	25	27	29	31
148	7	29	13	15	25
149	9	29	27	25	26
150	59	26	25	27	28
151	54	30	29	27	28
152	54	31	29	27	28
153	7	32	5	3	39
154	7	32	35	39	38
155	9	32	35	39	40
156	29	37	35	32	33
157	29	39	35	32	33
158	54	33	32	35	36
159	29	37	35	32	34
160	29	39	35	32	34
161	54	34	32	35	36
162	32	38	39	35	36
163	59	36	35	39	40
164	30	37	35	39	38
165	32	37	35	39	40

Impropers

1	25	5	3	39	2
2	30	5	3	4	2
3	30	39	3	4	2
4	23	5	3	39	4
5	19	32	5	7	3
6	14	32	5	6	3
7	33	3	5	7	6
8	20	32	5	7	6
9	13	10	8	27	7
10	16	10	8	9	7
11	30	27	8	9	7
12	11	10	8	27	9
13	4	8	10	13	11
14	4	8	10	13	12
15	6	8	10	11	12
16	6	13	10	11	12
17	8	29	13	10	15
18	11	10	13	15	14
19	9	10	13	29	14
20	14	29	13	14	15
21	21	13	15	17	25
22	23	13	15	17	16
23	23	13	15	25	16
24	23	17	15	25	16
25	24	15	17	20	19
26	23	15	17	20	18
27	32	15	17	19	18
28	32	20	17	19	18
29	17	22	20	19	17
30	14	22	20	21	17
31	32	17	20	19	21
32	18	22	20	19	21
33	4	20	22	25	23
34	4	20	22	25	24
35	6	20	22	23	24
36	6	25	22	23	24
37	10	22	25	27	15
38	11	22	25	27	26
39	11	22	25	15	26
40	23	27	25	15	26
41	10	29	27	8	25
42	14	29	27	28	25
43	23	25	27	8	28
44	11	29	27	8	28
45	4	27	29	13	30
46	4	27	29	13	31
47	6	27	29	30	31
48	6	13	29	30	31
49	4	5	32	35	33
50	4	5	32	35	34
51	6	5	32	33	34
52	6	35	32	33	34
53	10	32	35	37	39
54	11	32	35	37	36
55	11	32	35	39	36
56	23	37	35	39	36
57	21	38	39	3	35
58	23	38	39	3	40
59	23	38	39	35	40
60	23	3	39	35	40