delete edged atoms 
34 atoms
37 bonds
76 angles
129 dihedrals
48 impropers

Types

1	2
2	7
3	2
4	5
5	2
6	5
7	7
8	2
9	5
10	1
11	5
12	5
13	2
14	5
15	2
16	5
17	2
18	2
19	2
20	5
21	1
22	5
23	5
24	2
25	5
26	2
27	5
28	2
29	2
30	2
31	5
32	1
33	5
34	5

Charges

1	0.0800
2	-0.2660
3	0.0800
4	0.0530
5	0.0800
6	0.0530
7	-0.2660
8	0.0800
9	0.0530
10	-0.1060
11	0.0530
12	0.0530
13	-0.0530
14	0.0530
15	-0.0530
16	0.0530
17	0.0800
18	-0.0530
19	-0.0530
20	0.0530
21	-0.1060
22	0.0530
23	0.0530
24	-0.0530
25	0.0530
26	-0.0530
27	0.0530
28	0.0800
29	-0.0530
30	-0.0530
31	0.0530
32	-0.1060
33	0.0530
34	0.0530

Coords

1	65.7661932603	77.7954520721	61.6075589528
2	67.0957052117	77.4877508684	61.2352585121
3	68.0751097813	77.1088816578	62.2086047103
4	67.6904697455	77.5797439542	63.1987543291
5	68.2356635280	75.5374381579	62.3390982488
6	67.6930199118	75.1000940033	61.4771455129
7	67.6430181537	75.0280203724	63.5002231770
8	67.3414905121	73.5925625627	63.5002655511
9	67.3982650420	73.1113730426	62.4686082636
10	68.3966604478	72.9603699807	64.4514445097
11	69.1126823208	72.2317030916	63.9113889600
12	69.1724228972	73.7360977521	64.8076994610
13	67.6305930053	72.3506286413	65.6231880287
14	68.1805087235	72.5055792225	66.6043237356
15	67.0278999589	71.0691658145	65.1678064694
16	67.7798048417	70.4641346266	64.5898964035
17	66.2488577488	70.2714626006	66.2339669831
18	65.9612042245	71.6140973819	64.1858281900
19	66.0095915441	73.2003159335	64.2080744824
20	65.0693682133	73.5782447452	63.8150038465
21	66.4246204769	73.3468394354	65.6516372814
22	66.7687325528	74.3615100395	65.8729163786
23	65.6085712893	73.1199587057	66.3226548447
24	69.7668755854	75.4447204892	62.2713531055
25	70.1190529980	74.4143715284	62.0654412714
26	70.3435430995	76.1423488081	63.5271265821
27	69.6462790083	76.1245226270	64.3314020067
28	71.7138433880	75.5631867377	64.0190327126
29	70.4875914883	77.5918871105	62.9864314356
30	69.5078784155	77.5295935322	61.7708010700
31	69.6207369191	78.4168623113	61.1678296144
32	69.9887673367	76.2514347519	61.0747025975
33	69.3251976187	76.0480281538	60.1185122209
34	70.9921309128	76.4006742476	60.6259669072

Bonds

1	9	1	2
2	9	3	2
3	5	3	5
4	5	3	30
5	7	3	4
6	5	5	24
7	9	5	7
8	7	5	6
9	9	8	7
10	2	10	8
11	5	8	19
12	7	8	9
13	2	10	13
14	4	10	11
15	4	10	12
16	5	13	15
17	2	21	13
18	7	13	14
19	5	15	17
20	5	15	18
21	7	15	16
22	5	18	19
23	2	21	19
24	7	19	20
25	4	21	22
26	4	21	23
27	5	24	26
28	2	32	24
29	7	24	25
30	5	26	28
31	5	26	29
32	7	26	27
33	5	29	30
34	2	32	30
35	7	30	31
36	4	32	33
37	4	32	34

Angles

1	24	1	2	3
2	18	5	3	2
3	18	30	3	2
4	33	4	3	2
5	14	3	5	24
6	18	3	5	7
7	16	3	5	6
8	14	3	30	29
9	4	32	30	3
10	16	3	30	31
11	16	5	3	4
12	16	30	3	4
13	14	5	3	30
14	14	5	24	26
15	4	32	24	5
16	16	5	24	25
17	24	5	7	8
18	16	24	5	6
19	33	6	5	7
20	18	24	5	7
21	7	10	8	7
22	18	19	8	7
23	33	9	8	7
24	11	8	10	13
25	13	8	10	11
26	13	8	10	12
27	14	8	19	18
28	4	21	19	8
29	16	8	19	20
30	5	10	8	9
31	16	19	8	9
32	4	10	8	19
33	4	10	13	15
34	3	10	13	21
35	5	10	13	14
36	13	13	10	11
37	31	11	10	12
38	13	13	10	12
39	14	13	15	17
40	14	13	15	18
41	16	13	15	16
42	11	13	21	19
43	13	13	21	22
44	13	13	21	23
45	16	15	13	14
46	5	21	13	14
47	4	21	13	15
48	14	15	18	19
49	16	17	15	16
50	16	18	15	16
51	14	17	15	18
52	4	21	19	18
53	16	18	19	20
54	13	19	21	22
55	13	19	21	23
56	5	21	19	20
57	31	22	21	23
58	14	24	26	28
59	14	24	26	29
60	16	24	26	27
61	11	24	32	30
62	13	24	32	33
63	13	24	32	34
64	16	26	24	25
65	5	32	24	25
66	4	32	24	26
67	14	26	29	30
68	16	28	26	27
69	16	29	26	27
70	14	28	26	29
71	4	32	30	29
72	16	29	30	31
73	13	30	32	33
74	13	30	32	34
75	5	32	30	31
76	31	33	32	34

Dihedrals

1	40	5	3	2	1
2	40	30	3	2	1
3	46	1	2	3	4
4	34	24	5	3	2
5	67	2	3	5	7
6	61	6	5	3	2
7	34	29	30	3	2
8	11	32	30	3	2
9	61	31	30	3	2
10	30	3	5	24	26
11	7	32	24	5	3
12	32	3	5	24	25
13	40	3	5	7	8
14	30	3	30	29	26
15	21	24	32	30	3
16	29	3	30	32	33
17	29	3	30	32	34
18	32	24	5	3	4
19	61	4	3	5	7
20	59	4	3	5	6
21	32	29	30	3	4
22	9	32	30	3	4
23	59	4	3	30	31
24	30	5	3	30	29
25	7	32	30	3	5
26	32	5	3	30	31
27	30	5	24	26	28
28	30	5	24	26	29
29	32	5	24	26	27
30	21	30	32	24	5
31	29	5	24	32	33
32	29	5	24	32	34
33	14	10	8	7	5
34	40	19	8	7	5
35	46	5	7	8	9
36	32	30	3	5	6
37	32	26	24	5	6
38	9	32	24	5	6
39	59	6	5	24	25
40	46	8	7	5	6
41	34	30	3	5	7
42	34	26	24	5	7
43	11	32	24	5	7
44	61	25	24	5	7
45	24	13	10	8	7
46	56	11	10	8	7
47	56	12	10	8	7
48	34	18	19	8	7
49	11	21	19	8	7
50	61	20	19	8	7
51	40	24	5	7	8
52	21	8	10	13	15
53	4	21	13	10	8
54	22	8	10	13	14
55	30	8	19	18	15
56	21	13	21	19	8
57	29	8	19	21	22
58	29	8	19	21	23
59	22	13	10	8	9
60	54	11	10	8	9
61	54	12	10	8	9
62	32	18	19	8	9
63	9	21	19	8	9
64	59	9	8	19	20
65	7	10	8	19	18
66	6	10	8	19	21
67	9	10	8	19	20
68	7	10	13	15	17
69	7	10	13	15	18
70	9	10	13	15	16
71	4	10	13	21	19
72	5	10	13	21	22
73	5	10	13	21	23
74	29	19	8	10	11
75	29	15	13	10	11
76	5	21	13	10	11
77	54	11	10	13	14
78	29	19	8	10	12
79	29	15	13	10	12
80	5	21	13	10	12
81	54	12	10	13	14
82	21	13	10	8	19
83	30	13	15	18	19
84	21	13	21	19	18
85	22	13	21	19	20
86	32	17	15	13	14
87	32	18	15	13	14
88	59	14	13	15	16
89	22	19	21	13	14
90	54	22	21	13	14
91	54	23	21	13	14
92	21	19	21	13	15
93	29	15	13	21	22
94	29	15	13	21	23
95	7	21	19	18	15
96	32	15	18	19	20
97	9	21	13	15	16
98	32	19	18	15	16
99	7	21	13	15	17
100	30	17	15	18	19
101	29	18	19	21	22
102	29	18	19	21	23
103	7	21	13	15	18
104	54	22	21	19	20
105	54	23	21	19	20
106	30	24	5	3	30
107	30	24	26	29	30
108	21	24	32	30	29
109	22	24	32	30	31
110	32	28	26	24	25
111	32	29	26	24	25
112	59	25	24	26	27
113	22	30	32	24	25
114	54	33	32	24	25
115	54	34	32	24	25
116	21	30	32	24	26
117	29	26	24	32	33
118	29	26	24	32	34
119	7	32	30	29	26
120	32	26	29	30	31
121	9	32	24	26	27
122	32	30	29	26	27
123	7	32	24	26	28
124	30	28	26	29	30
125	29	29	30	32	33
126	29	29	30	32	34
127	7	32	24	26	29
128	54	33	32	30	31
129	54	34	32	30	31

Impropers

1	25	5	3	30	2
2	30	5	3	4	2
3	30	30	3	4	2
4	23	5	3	30	4
5	25	3	5	24	7
6	23	3	5	24	6
7	33	3	5	7	6
8	33	24	5	7	6
9	13	10	8	19	7
10	16	10	8	9	7
11	30	19	8	9	7
12	11	10	8	19	9
13	4	8	10	13	11
14	4	8	10	13	12
15	6	8	10	11	12
16	6	13	10	11	12
17	8	21	13	10	15
18	11	10	13	15	14
19	9	10	13	21	14
20	14	21	13	14	15
21	21	13	15	17	18
22	23	13	15	17	16
23	23	13	15	18	16
24	23	17	15	18	16
25	10	21	19	8	18
26	14	21	19	20	18
27	23	18	19	8	20
28	11	21	19	8	20
29	4	19	21	13	22
30	4	19	21	13	23
31	6	19	21	22	23
32	6	13	21	22	23
33	10	32	24	5	26
34	23	5	24	26	25
35	14	32	24	25	5
36	14	32	24	25	26
37	21	24	26	28	29
38	23	24	26	28	27
39	23	24	26	29	27
40	23	28	26	29	27
41	10	32	30	3	29
42	14	32	30	31	29
43	23	29	30	3	31
44	11	32	30	3	31
45	4	30	32	24	33
46	4	30	32	24	34
47	6	30	32	33	34
48	6	24	32	33	34