delete edged atoms 
30 atoms
31 bonds
62 angles
99 dihedrals
40 impropers

Types

1	2
2	7
3	2
4	5
5	2
6	5
7	7
8	2
9	5
10	2
11	5
12	2
13	2
14	2
15	5
16	1
17	5
18	5
19	1
20	5
21	5
22	1
23	5
24	5
25	2
26	5
27	2
28	2
29	2
30	5

Charges

1	0.0800
2	-0.2660
3	0.0800
4	0.0530
5	0.0800
6	0.0530
7	-0.2660
8	0.0800
9	0.0530
10	-0.0530
11	0.0530
12	-0.0530
13	-0.0530
14	-0.0530
15	0.0530
16	-0.1060
17	0.0530
18	0.0530
19	-0.1060
20	0.0530
21	0.0530
22	-0.1060
23	0.0530
24	0.0530
25	-0.0530
26	0.0530
27	-0.0530
28	-0.0530
29	-0.0530
30	0.0530

Coords

1	14.7995505035	15.4344333473	31.2729282078
2	14.1665771578	16.3716940598	32.2119238004
3	13.9781012808	17.8888356387	32.0735193951
4	13.7209122988	18.0782449423	33.0618656821
5	12.8987241653	18.3015270222	31.0520146117
6	12.7818034894	19.4581389217	31.1087268278
7	11.5657296591	17.8904261109	31.1372167086
8	10.9605641074	18.2975497445	32.3745387330
9	11.6130405615	18.1595535570	33.2424826037
10	9.6888130007	17.4303930525	32.4659855427
11	9.3019411620	17.5044676274	33.5012391963
12	9.6700194089	15.9262903811	32.0903773527
13	8.0487676918	16.8301229532	30.7916282343
14	8.6730957537	18.1407252865	31.5268855975
15	7.8068107081	18.5756329496	32.1228075116
16	9.3300334946	19.5287698393	31.0277137837
17	8.4851164104	20.2414553393	31.0431264586
18	9.8877913202	19.8185330469	30.1142018413
19	10.4424943945	19.7824081356	32.2244738438
20	10.0490057599	20.1209058428	33.2128485434
21	11.2209485103	20.5948635539	31.9647318874
22	13.7592479652	18.0265186059	29.6815774918
23	13.6795575045	17.0577864264	29.2730820963
24	13.4221038464	18.6897915585	28.8906989162
25	15.1909134505	18.5973963130	30.0865048164
26	15.3988008993	19.4831873727	29.3815292016
27	16.6238176577	17.7890382699	30.3232343246
28	16.4231752606	19.2006958957	32.0244370715
29	15.0376148278	18.9241800972	31.5682759656
30	14.4817776684	19.9186402826	31.8065243184

Bonds

1	9	1	2
2	9	3	2
3	5	3	5
4	5	3	29
5	7	3	4
6	2	22	5
7	9	5	7
8	7	5	6
9	9	8	7
10	5	8	10
11	2	19	8
12	7	8	9
13	5	10	12
14	5	10	14
15	7	10	11
16	5	13	14
17	2	16	14
18	7	14	15
19	1	16	19
20	4	16	17
21	4	16	18
22	4	19	20
23	4	19	21
24	2	22	25
25	4	22	23
26	4	22	24
27	5	25	27
28	5	25	29
29	7	25	26
30	5	28	29
31	7	29	30

Angles

1	24	1	2	3
2	18	5	3	2
3	18	29	3	2
4	33	4	3	2
5	4	22	5	3
6	18	3	5	7
7	16	3	5	6
8	14	3	29	28
9	14	3	29	25
10	16	3	29	30
11	16	5	3	4
12	16	29	3	4
13	14	5	3	29
14	11	5	22	25
15	13	5	22	23
16	13	5	22	24
17	24	5	7	8
18	5	22	5	6
19	33	6	5	7
20	7	22	5	7
21	18	10	8	7
22	7	19	8	7
23	33	9	8	7
24	14	8	10	12
25	14	8	10	14
26	16	8	10	11
27	1	16	19	8
28	13	8	19	20
29	13	8	19	21
30	16	10	8	9
31	5	19	8	9
32	4	19	8	10
33	14	10	14	13
34	4	16	14	10
35	16	10	14	15
36	16	12	10	11
37	16	14	10	11
38	14	12	10	14
39	4	16	14	13
40	16	13	14	15
41	1	19	16	14
42	13	14	16	17
43	13	14	16	18
44	5	16	14	15
45	2	16	19	20
46	2	16	19	21
47	2	19	16	17
48	31	17	16	18
49	2	19	16	18
50	31	20	19	21
51	4	22	25	27
52	4	22	25	29
53	5	22	25	26
54	13	25	22	23
55	31	23	22	24
56	13	25	22	24
57	14	25	29	28
58	16	25	29	30
59	16	27	25	26
60	16	29	25	26
61	14	27	25	29
62	16	28	29	30

Dihedrals

1	40	5	3	2	1
2	40	29	3	2	1
3	46	1	2	3	4
4	11	22	5	3	2
5	67	2	3	5	7
6	61	6	5	3	2
7	34	28	29	3	2
8	34	25	29	3	2
9	61	30	29	3	2
10	21	25	22	5	3
11	29	3	5	22	23
12	29	3	5	22	24
13	40	3	5	7	8
14	7	22	25	29	3
15	30	3	29	25	27
16	32	3	29	25	26
17	9	22	5	3	4
18	61	4	3	5	7
19	59	4	3	5	6
20	32	28	29	3	4
21	32	25	29	3	4
22	59	4	3	29	30
23	30	5	3	29	28
24	30	5	3	29	25
25	32	5	3	29	30
26	21	5	22	25	27
27	21	5	22	25	29
28	22	5	22	25	26
29	40	10	8	7	5
30	14	19	8	7	5
31	46	5	7	8	9
32	32	29	3	5	6
33	22	25	22	5	6
34	54	23	22	5	6
35	54	24	22	5	6
36	46	8	7	5	6
37	34	29	3	5	7
38	24	25	22	5	7
39	56	23	22	5	7
40	56	24	22	5	7
41	34	12	10	8	7
42	34	14	10	8	7
43	61	11	10	8	7
44	3	16	19	8	7
45	56	20	19	8	7
46	56	21	19	8	7
47	14	22	5	7	8
48	30	8	10	14	13
49	7	16	14	10	8
50	32	8	10	14	15
51	19	8	19	16	14
52	20	8	19	16	17
53	20	8	19	16	18
54	32	12	10	8	9
55	32	14	10	8	9
56	59	9	8	10	11
57	2	16	19	8	9
58	54	20	19	8	9
59	54	21	19	8	9
60	1	16	19	8	10
61	29	10	8	19	20
62	29	10	8	19	21
63	1	19	16	14	10
64	29	10	14	16	17
65	29	10	14	16	18
66	9	19	8	10	11
67	32	13	14	10	11
68	9	16	14	10	11
69	59	11	10	14	15
70	7	19	8	10	12
71	30	12	10	14	13
72	7	16	14	10	12
73	32	12	10	14	15
74	1	19	16	14	13
75	29	13	14	16	17
76	29	13	14	16	18
77	20	14	16	19	20
78	20	14	16	19	21
79	7	19	8	10	14
80	2	19	16	14	15
81	54	17	16	14	15
82	54	18	16	14	15
83	53	17	16	19	20
84	53	17	16	19	21
85	53	18	16	19	20
86	53	18	16	19	21
87	7	22	5	3	29
88	7	22	25	29	28
89	9	22	25	29	30
90	29	27	25	22	23
91	29	29	25	22	23
92	54	23	22	25	26
93	29	27	25	22	24
94	29	29	25	22	24
95	54	24	22	25	26
96	32	28	29	25	26
97	59	26	25	29	30
98	30	27	25	29	28
99	32	27	25	29	30

Impropers

1	25	5	3	29	2
2	30	5	3	4	2
3	30	29	3	4	2
4	23	5	3	29	4
5	19	22	5	7	3
6	14	22	5	6	3
7	33	3	5	7	6
8	20	22	5	7	6
9	19	19	8	7	10
10	30	10	8	9	7
11	16	19	8	9	7
12	14	19	8	9	10
13	21	8	10	12	14
14	23	8	10	12	11
15	23	8	10	14	11
16	23	12	10	14	11
17	10	16	14	10	13
18	14	16	14	15	13
19	23	13	14	10	15
20	11	16	14	10	15
21	2	19	16	17	14
22	2	19	16	18	14
23	6	14	16	17	18
24	3	19	16	17	18
25	1	16	19	8	20
26	1	16	19	8	21
27	3	16	19	20	21
28	6	8	19	20	21
29	4	5	22	25	23
30	4	5	22	25	24
31	6	5	22	23	24
32	6	25	22	23	24
33	10	22	25	27	29
34	11	22	25	27	26
35	11	22	25	29	26
36	23	27	25	29	26
37	21	28	29	3	25
38	23	28	29	3	30
39	23	28	29	25	30
40	23	3	29	25	30