delete edged atoms 
33 atoms
35 bonds
70 angles
115 dihedrals
44 impropers

Types

1	2
2	7
3	2
4	5
5	2
6	5
7	7
8	2
9	5
10	1
11	5
12	5
13	1
14	5
15	5
16	2
17	5
18	2
19	1
20	2
21	5
22	2
23	2
24	5
25	1
26	5
27	5
28	2
29	5
30	2
31	2
32	2
33	5

Charges

1	0.0800
2	-0.2660
3	0.0800
4	0.0530
5	0.0800
6	0.0530
7	-0.2660
8	0.0800
9	0.0530
10	-0.1060
11	0.0530
12	0.0530
13	-0.1060
14	0.0530
15	0.0530
16	-0.0530
17	0.0530
18	-0.0530
19	-0.1060
20	-0.0530
21	0.0530
22	0.0800
23	-0.0530
24	0.0530
25	-0.1060
26	0.0530
27	0.0530
28	-0.0530
29	0.0530
30	-0.0530
31	-0.0530
32	-0.0530
33	0.0530

Coords

1	13.4621569330	0.0395333325	9.6309977322
2	12.4200476692	-0.7889979427	9.8921096459
3	12.2961045901	-2.0577397676	10.4667128591
4	11.1607103755	-2.0321708477	10.5033797572
5	12.7346587531	-3.4150054547	9.7847134311
6	12.0526556985	-3.6390586468	8.9197593022
7	13.9891959823	-3.1538774850	9.0972180318
8	15.3959895140	-3.4130976546	9.1405141243
9	15.5772636139	-2.8385434139	8.2691098444
10	16.1380341987	-2.6472726444	10.2989752932
11	16.8051982091	-1.8106789375	10.0987624104
12	15.4913174680	-2.1868491484	10.9876109351
13	16.7632466136	-3.8342717670	11.1242463638
14	16.1838495043	-3.9871221480	12.0421283990
15	17.7543406116	-3.5450415120	11.5431793093
16	16.8988581063	-5.0398331638	10.1860810177
17	17.9660483726	-5.0996106467	9.9647610824
18	16.4214579340	-6.5685074324	10.5862779301
19	14.9595268452	-6.6623814363	10.1834412267
20	15.2778307381	-6.1602562651	8.7229434645
21	14.4410820687	-5.9360573181	8.0096653567
22	16.3804408559	-7.1650704243	8.3146054106
23	16.0521147947	-4.8031482260	8.9358396691
24	16.7280798264	-4.6465085420	8.0752899829
25	12.6183099807	-4.4136737940	11.0298808546
26	13.6991832874	-4.5322723837	11.3536366370
27	12.2262883094	-5.5105547284	10.7428807916
28	12.0031757159	-3.6476086920	12.1117714374
29	10.9598881072	-3.6441151330	11.7362968521
30	11.9407932971	-3.7016092881	13.7137918106
31	12.4115080697	-1.5862007510	13.1562282154
32	12.7203383559	-2.3443510527	11.8778790556
33	13.7982155016	-2.4198739895	11.9428228178

Bonds

1	9	1	2
2	9	3	2
3	5	3	5
4	5	3	32
5	7	3	4
6	2	25	5
7	9	5	7
8	7	5	6
9	9	8	7
10	2	10	8
11	5	8	23
12	7	8	9
13	1	10	13
14	4	10	11
15	4	10	12
16	2	13	16
17	4	13	14
18	4	13	15
19	5	16	18
20	5	16	23
21	7	16	17
22	2	19	18
23	2	19	20
24	5	20	23
25	5	20	22
26	7	20	21
27	7	23	24
28	2	25	28
29	4	25	26
30	4	25	27
31	5	28	30
32	5	28	32
33	7	28	29
34	5	31	32
35	7	32	33

Angles

1	24	1	2	3
2	18	5	3	2
3	18	32	3	2
4	33	4	3	2
5	4	25	5	3
6	18	3	5	7
7	16	3	5	6
8	14	3	32	31
9	14	3	32	28
10	16	3	32	33
11	16	5	3	4
12	16	32	3	4
13	14	5	3	32
14	11	5	25	28
15	13	5	25	26
16	13	5	25	27
17	24	5	7	8
18	5	25	5	6
19	33	6	5	7
20	7	25	5	7
21	7	10	8	7
22	18	23	8	7
23	33	9	8	7
24	1	13	10	8
25	13	8	10	11
26	13	8	10	12
27	14	8	23	20
28	14	8	23	16
29	16	8	23	24
30	5	10	8	9
31	16	23	8	9
32	4	10	8	23
33	1	10	13	16
34	2	10	13	14
35	2	10	13	15
36	2	13	10	11
37	31	11	10	12
38	2	13	10	12
39	4	13	16	18
40	4	13	16	23
41	5	13	16	17
42	13	16	13	14
43	31	14	13	15
44	13	16	13	15
45	4	19	18	16
46	14	16	23	20
47	16	16	23	24
48	16	18	16	17
49	16	23	16	17
50	14	18	16	23
51	11	18	19	20
52	4	19	20	23
53	4	19	20	22
54	5	19	20	21
55	16	20	23	24
56	16	23	20	21
57	16	22	20	21
58	14	22	20	23
59	4	25	28	30
60	4	25	28	32
61	5	25	28	29
62	13	28	25	26
63	31	26	25	27
64	13	28	25	27
65	14	28	32	31
66	16	28	32	33
67	16	30	28	29
68	16	32	28	29
69	14	30	28	32
70	16	31	32	33

Dihedrals

1	40	5	3	2	1
2	40	32	3	2	1
3	46	1	2	3	4
4	11	25	5	3	2
5	67	2	3	5	7
6	61	6	5	3	2
7	34	31	32	3	2
8	34	28	32	3	2
9	61	33	32	3	2
10	21	28	25	5	3
11	29	3	5	25	26
12	29	3	5	25	27
13	40	3	5	7	8
14	7	25	28	32	3
15	30	3	32	28	30
16	32	3	32	28	29
17	9	25	5	3	4
18	61	4	3	5	7
19	59	4	3	5	6
20	32	31	32	3	4
21	32	28	32	3	4
22	59	4	3	32	33
23	30	5	3	32	31
24	30	5	3	32	28
25	32	5	3	32	33
26	21	5	25	28	30
27	21	5	25	28	32
28	22	5	25	28	29
29	14	10	8	7	5
30	40	23	8	7	5
31	46	5	7	8	9
32	32	32	3	5	6
33	22	28	25	5	6
34	54	26	25	5	6
35	54	27	25	5	6
36	46	8	7	5	6
37	34	32	3	5	7
38	24	28	25	5	7
39	56	26	25	5	7
40	56	27	25	5	7
41	3	13	10	8	7
42	56	11	10	8	7
43	56	12	10	8	7
44	34	20	23	8	7
45	34	16	23	8	7
46	61	24	23	8	7
47	14	25	5	7	8
48	19	8	10	13	16
49	20	8	10	13	14
50	20	8	10	13	15
51	7	19	20	23	8
52	30	8	23	20	22
53	32	8	23	20	21
54	7	13	16	23	8
55	30	8	23	16	18
56	32	8	23	16	17
57	2	13	10	8	9
58	54	11	10	8	9
59	54	12	10	8	9
60	32	20	23	8	9
61	32	16	23	8	9
62	59	9	8	23	24
63	7	10	8	23	20
64	7	10	8	23	16
65	9	10	8	23	24
66	1	10	13	16	18
67	1	10	13	16	23
68	2	10	13	16	17
69	29	23	8	10	11
70	20	16	13	10	11
71	53	11	10	13	14
72	53	11	10	13	15
73	29	23	8	10	12
74	20	16	13	10	12
75	53	12	10	13	14
76	53	12	10	13	15
77	1	13	10	8	23
78	6	13	16	18	19
79	7	13	16	23	20
80	9	13	16	23	24
81	29	18	16	13	14
82	29	23	16	13	14
83	54	14	13	16	17
84	29	18	16	13	15
85	29	23	16	13	15
86	54	15	13	16	17
87	21	20	19	18	16
88	7	19	20	23	16
89	30	16	23	20	22
90	32	16	23	20	21
91	9	19	18	16	17
92	32	20	23	16	17
93	59	17	16	23	24
94	30	18	16	23	20
95	32	18	16	23	24
96	21	18	19	20	23
97	21	18	19	20	22
98	22	18	19	20	21
99	7	19	18	16	23
100	9	19	20	23	24
101	59	21	20	23	24
102	32	22	20	23	24
103	7	25	5	3	32
104	7	25	28	32	31
105	9	25	28	32	33
106	29	30	28	25	26
107	29	32	28	25	26
108	54	26	25	28	29
109	29	30	28	25	27
110	29	32	28	25	27
111	54	27	25	28	29
112	32	31	32	28	29
113	59	29	28	32	33
114	30	30	28	32	31
115	32	30	28	32	33

Impropers

1	25	5	3	32	2
2	30	5	3	4	2
3	30	32	3	4	2
4	23	5	3	32	4
5	19	25	5	7	3
6	14	25	5	6	3
7	33	3	5	7	6
8	20	25	5	7	6
9	13	10	8	23	7
10	16	10	8	9	7
11	30	23	8	9	7
12	11	10	8	23	9
13	2	13	10	11	8
14	2	13	10	12	8
15	6	8	10	11	12
16	3	13	10	11	12
17	1	10	13	16	14
18	1	10	13	16	15
19	3	10	13	14	15
20	6	16	13	14	15
21	10	13	16	18	23
22	11	13	16	18	17
23	11	13	16	23	17
24	23	18	16	23	17
25	10	19	20	23	22
26	11	19	20	23	21
27	11	19	20	22	21
28	23	23	20	22	21
29	21	20	23	8	16
30	23	20	23	8	24
31	23	20	23	16	24
32	23	8	23	16	24
33	4	5	25	28	26
34	4	5	25	28	27
35	6	5	25	26	27
36	6	28	25	26	27
37	10	25	28	30	32
38	11	25	28	30	29
39	11	25	28	32	29
40	23	30	28	32	29
41	21	31	32	3	28
42	23	31	32	3	33
43	23	31	32	28	33
44	23	3	32	28	33