delete edged atoms 
33 atoms
35 bonds
70 angles
112 dihedrals
44 impropers

Types

1	2
2	7
3	2
4	5
5	1
6	5
7	5
8	1
9	5
10	5
11	2
12	5
13	2
14	2
15	2
16	5
17	2
18	1
19	2
20	5
21	2
22	2
23	5
24	3
25	5
26	6
27	3
28	5
29	1
30	5
31	5
32	2
33	5

Charges

1	0.0800
2	-0.2660
3	0.0800
4	0.0530
5	-0.1060
6	0.0530
7	0.0530
8	-0.1060
9	0.0530
10	0.0530
11	-0.0530
12	0.0530
13	-0.0530
14	-0.0530
15	-0.0530
16	0.0530
17	-0.0530
18	-0.1060
19	-0.0530
20	0.0530
21	0.0800
22	-0.0530
23	0.0530
24	0.0800
25	0.0530
26	-0.2660
27	0.0800
28	0.0530
29	-0.1060
30	0.0530
31	0.0530
32	-0.0530
33	0.0530

Coords

1	16.2274879907	0.3356137852	16.8136978066
2	16.3039649510	0.4317957763	15.3856303173
3	17.4322723270	0.7929266609	14.5666562551
4	16.9267883924	0.8920463199	13.5519289835
5	17.8816072837	2.2226442223	14.9698195429
6	17.3361813923	3.0476529113	14.5926354281
7	17.7681354485	2.2779982121	16.0969283893
8	19.3584234974	2.3887014690	14.8095450008
9	19.9057494854	3.1392280910	15.4572891949
10	19.7082711825	2.5071192481	13.7160811815
11	19.7835876471	0.9174663218	15.0941376822
12	20.8141456818	0.8564143047	14.6705752098
13	19.8891829281	-0.1221342390	16.4288080135
14	19.3472467703	-1.3852584839	14.6579928519
15	18.8076807167	0.0279058813	14.3119022843
16	19.0141495336	0.2322479189	13.2360981717
17	10.3484598288	10.9691378642	4.8518802694
18	8.9955923075	10.8470151277	5.6760106954
19	8.1860600466	11.2998950736	4.3503337021
20	7.0445757986	11.1634279819	4.3341159515
21	8.6364741866	12.7449155329	4.1313790894
22	8.8229862446	10.3635007914	3.2588730191
23	8.3145627185	9.3911633424	3.4435197263
24	8.9469689061	10.6015783694	1.7330262723
25	8.7066733337	11.6047558725	1.3284478766
26	8.7537302023	9.4045124531	0.9936466515
27	10.1483142893	9.6360797239	1.4080895657
28	10.9551553064	9.7872600122	0.6370208776
29	10.5406963870	8.8646513649	2.6918001865
30	9.7694230203	8.0286320078	2.6846806027
31	11.5605270172	8.4578557902	2.6275958836
32	10.3220961857	10.0815615775	3.5821478197
33	11.1999211816	10.6549252027	3.1600115717

Bonds

1	9	1	2
2	9	3	2
3	2	5	3
4	5	3	15
5	7	3	4
6	1	5	8
7	4	5	6
8	4	5	7
9	2	8	11
10	4	8	9
11	4	8	10
12	5	11	13
13	5	11	15
14	7	11	12
15	5	14	15
16	7	15	16
17	2	18	17
18	5	17	32
19	2	18	19
20	5	19	22
21	5	19	21
22	7	19	20
23	6	22	24
24	5	22	32
25	7	22	23
26	11	24	27
27	13	24	26
28	12	24	25
29	13	27	26
30	3	29	27
31	12	27	28
32	2	29	32
33	4	29	30
34	4	29	31
35	7	32	33

Angles

1	24	1	2	3
2	7	5	3	2
3	18	15	3	2
4	33	4	3	2
5	1	8	5	3
6	13	3	5	6
7	13	3	5	7
8	14	3	15	14
9	14	3	15	11
10	16	3	15	16
11	5	5	3	4
12	16	15	3	4
13	4	5	3	15
14	1	5	8	11
15	2	5	8	9
16	2	5	8	10
17	2	8	5	6
18	31	6	5	7
19	2	8	5	7
20	4	8	11	13
21	4	8	11	15
22	5	8	11	12
23	13	11	8	9
24	31	9	8	10
25	13	11	8	10
26	14	11	15	14
27	16	11	15	16
28	16	13	11	12
29	16	15	11	12
30	14	13	11	15
31	16	14	15	16
32	11	17	18	19
33	4	29	32	17
34	14	17	32	22
35	16	17	32	33
36	4	18	17	32
37	4	18	19	22
38	4	18	19	21
39	5	18	19	20
40	15	19	22	24
41	14	19	22	32
42	16	19	22	23
43	16	22	19	20
44	16	21	19	20
45	14	21	19	22
46	20	22	24	27
47	22	22	24	26
48	21	22	24	25
49	4	29	32	22
50	16	22	32	33
51	27	24	22	23
52	16	32	22	23
53	15	32	22	24
54	8	29	27	24
55	29	24	27	26
56	28	24	27	28
57	30	24	26	27
58	28	27	24	25
59	35	25	24	26
60	29	27	24	26
61	10	29	27	26
62	35	28	27	26
63	12	32	29	27
64	26	27	29	30
65	26	27	29	31
66	9	29	27	28
67	5	29	32	33
68	13	32	29	30
69	31	30	29	31
70	13	32	29	31

Dihedrals

1	14	5	3	2	1
2	40	15	3	2	1
3	46	1	2	3	4
4	3	8	5	3	2
5	56	6	5	3	2
6	56	7	5	3	2
7	34	14	15	3	2
8	34	11	15	3	2
9	61	16	15	3	2
10	19	3	5	8	11
11	20	3	5	8	9
12	20	3	5	8	10
13	7	8	11	15	3
14	30	3	15	11	13
15	32	3	15	11	12
16	2	8	5	3	4
17	54	6	5	3	4
18	54	7	5	3	4
19	32	14	15	3	4
20	32	11	15	3	4
21	59	4	3	15	16
22	7	5	3	15	14
23	7	5	3	15	11
24	9	5	3	15	16
25	1	5	8	11	13
26	1	5	8	11	15
27	2	5	8	11	12
28	29	15	3	5	6
29	20	11	8	5	6
30	53	6	5	8	9
31	53	6	5	8	10
32	29	15	3	5	7
33	20	11	8	5	7
34	53	7	5	8	9
35	53	7	5	8	10
36	1	8	5	3	15
37	7	8	11	15	14
38	9	8	11	15	16
39	29	13	11	8	9
40	29	15	11	8	9
41	54	9	8	11	12
42	29	13	11	8	10
43	29	15	11	8	10
44	54	10	8	11	12
45	32	14	15	11	12
46	59	12	11	15	16
47	30	13	11	15	14
48	32	13	11	15	16
49	21	17	18	19	22
50	21	17	18	19	21
51	22	17	18	19	20
52	28	17	32	29	27
53	29	17	32	29	30
54	29	17	32	29	31
55	30	17	32	22	19
56	31	17	32	22	24
57	32	17	32	22	23
58	6	18	17	32	29
59	7	18	17	32	22
60	9	18	17	32	33
61	8	18	19	22	24
62	7	18	19	22	32
63	9	18	19	22	23
64	21	19	18	17	32
65	36	19	22	24	27
66	38	19	22	24	26
67	37	19	22	24	25
68	7	29	32	22	19
69	32	19	22	32	33
70	48	24	22	19	20
71	32	32	22	19	20
72	59	20	19	22	23
73	31	21	19	22	24
74	30	21	19	22	32
75	32	21	19	22	23
76	15	29	27	24	22
77	43	22	24	27	26
78	42	22	24	27	28
79	44	22	24	26	27
80	28	22	32	29	27
81	29	22	32	29	30
82	29	22	32	29	31
83	50	27	24	22	23
84	64	23	22	24	26
85	63	23	22	24	25
86	9	29	32	22	23
87	59	23	22	32	33
88	8	29	32	22	24
89	48	24	22	32	33
90	25	32	29	27	24
91	49	24	27	29	30
92	49	24	27	29	31
93	18	29	27	26	24
94	51	24	26	27	28
95	37	32	22	24	25
96	16	29	27	24	25
97	66	25	24	27	26
98	65	25	24	27	28
99	51	27	26	24	25
100	38	32	22	24	26
101	17	29	27	24	26
102	66	28	27	24	26
103	27	32	29	27	26
104	58	30	29	27	26
105	58	31	29	27	26
106	36	32	22	24	27
107	47	27	29	32	33
108	26	32	29	27	28
109	57	30	29	27	28
110	57	31	29	27	28
111	54	30	29	32	33
112	54	31	29	32	33

Impropers

1	13	5	3	15	2
2	16	5	3	4	2
3	30	15	3	4	2
4	11	5	3	15	4
5	2	8	5	6	3
6	2	8	5	7	3
7	6	3	5	6	7
8	3	8	5	6	7
9	1	5	8	11	9
10	1	5	8	11	10
11	3	5	8	9	10
12	6	11	8	9	10
13	10	8	11	13	15
14	11	8	11	13	12
15	11	8	11	15	12
16	23	13	11	15	12
17	21	14	15	3	11
18	23	14	15	3	16
19	23	14	15	11	16
20	23	3	15	11	16
21	10	18	19	22	21
22	11	18	19	22	20
23	11	18	19	21	20
24	23	22	19	21	20
25	22	32	22	19	24
26	27	19	22	24	23
27	23	19	22	32	23
28	28	32	22	23	24
29	41	22	24	27	26
30	40	22	24	27	25
31	43	22	24	26	25
32	45	27	24	26	25
33	38	29	27	26	24
34	36	29	27	28	24
35	45	24	27	26	28
36	39	29	27	26	28
37	5	32	29	30	27
38	5	32	29	31	27
39	7	27	29	30	31
40	6	32	29	30	31
41	10	29	32	22	17
42	11	29	32	22	33
43	11	29	32	17	33
44	23	22	32	17	33