delete edged atoms 
40 atoms
44 bonds
93 angles
162 dihedrals
60 impropers

Types

1	2
2	7
3	2
4	5
5	1
6	5
7	5
8	1
9	5
10	5
11	2
12	5
13	2
14	2
15	2
16	5
17	2
18	5
19	1
20	5
21	5
22	2
23	5
24	2
25	5
26	2
27	5
28	6
29	2
30	5
31	3
32	5
33	6
34	3
35	5
36	1
37	5
38	5
39	2
40	5

Charges

1	0.0800
2	-0.2660
3	0.0800
4	0.0530
5	-0.1060
6	0.0530
7	0.0530
8	-0.1060
9	0.0530
10	0.0530
11	-0.0530
12	0.0530
13	-0.0530
14	-0.0530
15	-0.0530
16	0.0530
17	-0.0530
18	0.0530
19	-0.1060
20	0.0530
21	0.0530
22	-0.0530
23	0.0530
24	0.0800
25	0.0530
26	0.0800
27	0.0530
28	-0.2660
29	-0.0530
30	0.0530
31	0.0800
32	0.0530
33	-0.2660
34	0.0800
35	0.0530
36	-0.1060
37	0.0530
38	0.0530
39	-0.0530
40	0.0530

Coords

1	6.7217139376	9.2336046035	18.4175860756
2	7.4496056919	9.8226964205	19.5243356875
3	7.2692644734	11.2374714652	19.5429846141
4	7.5720366427	11.5437396715	18.5500306089
5	8.2516647434	11.8939333279	20.5855724753
6	9.2806060676	11.9124332968	20.1466133206
7	8.2221369219	11.2635180005	21.4946451508
8	7.6485116119	13.3093774294	20.7973373172
9	8.1558550354	14.0031609257	20.0355563267
10	7.9398486329	13.8352461099	21.7644065680
11	6.1764781488	13.3085737811	20.2724709892
12	6.3367363111	13.8376938786	19.2892726000
13	4.6537343359	13.7038167822	20.6936239309
14	4.5316414527	11.8856151288	19.3752365407
15	5.9462040781	11.8167423928	19.9983968746
16	5.8261447908	11.3639674751	21.0220614723
17	5.1631811360	19.8393830716	5.9793107078
18	5.3104138413	20.6374059511	5.2788607302
19	4.2250191138	19.9594889617	7.1823378687
20	4.4003522493	20.7594727809	7.9115583638
21	3.1630902142	20.0575256052	6.8535884771
22	4.5535989335	18.5897599280	7.7628907597
23	4.1212716035	18.2413459905	8.7637325630
24	4.1028524374	17.7578820047	6.5703541019
25	3.1328013230	17.2570669296	6.4767275318
26	4.5221399746	18.5580651823	5.3945402840
27	4.1809437386	18.5765507088	4.3299539465
28	5.1694110991	17.3434340947	5.7216749935
29	6.0766035030	18.7640570173	8.1593414932
30	6.2310430268	17.6720082109	8.0006655683
31	7.5760871855	18.9251837392	8.5343915665
32	7.5654932133	18.9067074649	9.6509036951
33	8.6148281672	18.3324755118	7.8676028993
34	8.6657359005	19.8835089065	7.9579960783
35	9.5612263295	19.7730694216	7.3169699460
36	7.6063971892	20.5462224167	7.0901834404
37	8.0241777990	21.1248179032	6.2150705207
38	7.1326022523	21.2998680497	7.7034526326
39	6.4873013718	19.4472636498	6.7972664866
40	7.0309324037	18.6735855689	6.1048678939

Bonds

1	9	1	2
2	9	3	2
3	2	5	3
4	5	3	15
5	7	3	4
6	1	5	8
7	4	5	6
8	4	5	7
9	2	8	11
10	4	8	9
11	4	8	10
12	5	11	13
13	5	11	15
14	7	11	12
15	5	14	15
16	7	15	16
17	2	19	17
18	5	17	26
19	5	17	39
20	7	17	18
21	2	19	22
22	4	19	20
23	4	19	21
24	5	22	29
25	5	22	24
26	7	22	23
27	5	24	26
28	8	24	28
29	7	24	25
30	8	26	28
31	7	26	27
32	6	29	31
33	5	29	39
34	7	29	30
35	11	31	34
36	13	31	33
37	12	31	32
38	13	34	33
39	3	36	34
40	12	34	35
41	2	36	39
42	4	36	37
43	4	36	38
44	7	39	40

Angles

1	24	1	2	3
2	7	5	3	2
3	18	15	3	2
4	33	4	3	2
5	1	8	5	3
6	13	3	5	6
7	13	3	5	7
8	14	3	15	14
9	14	3	15	11
10	16	3	15	16
11	5	5	3	4
12	16	15	3	4
13	4	5	3	15
14	1	5	8	11
15	2	5	8	9
16	2	5	8	10
17	2	8	5	6
18	31	6	5	7
19	2	8	5	7
20	4	8	11	13
21	4	8	11	15
22	5	8	11	12
23	13	11	8	9
24	31	9	8	10
25	13	11	8	10
26	14	11	15	14
27	16	11	15	16
28	16	13	11	12
29	16	15	11	12
30	14	13	11	15
31	16	14	15	16
32	11	17	19	22
33	13	17	19	20
34	13	17	19	21
35	14	17	26	24
36	17	17	26	28
37	16	17	26	27
38	4	36	39	17
39	14	17	39	29
40	16	17	39	40
41	5	19	17	18
42	16	26	17	18
43	16	39	17	18
44	4	19	17	26
45	4	19	17	39
46	4	19	22	29
47	4	19	22	24
48	5	19	22	23
49	13	22	19	20
50	31	20	19	21
51	13	22	19	21
52	15	22	29	31
53	14	22	29	39
54	16	22	29	30
55	14	22	24	26
56	17	22	24	28
57	16	22	24	25
58	16	29	22	23
59	16	24	22	23
60	14	24	22	29
61	17	24	26	28
62	16	24	26	27
63	23	24	28	26
64	16	26	24	25
65	32	25	24	28
66	17	26	24	28
67	14	26	17	39
68	32	27	26	28
69	20	29	31	34
70	22	29	31	33
71	21	29	31	32
72	4	36	39	29
73	16	29	39	40
74	27	31	29	30
75	16	39	29	30
76	15	39	29	31
77	8	36	34	31
78	29	31	34	33
79	28	31	34	35
80	30	31	33	34
81	28	34	31	32
82	35	32	31	33
83	29	34	31	33
84	10	36	34	33
85	35	35	34	33
86	12	39	36	34
87	26	34	36	37
88	26	34	36	38
89	9	36	34	35
90	5	36	39	40
91	13	39	36	37
92	31	37	36	38
93	13	39	36	38

Dihedrals

1	14	5	3	2	1
2	40	15	3	2	1
3	46	1	2	3	4
4	3	8	5	3	2
5	56	6	5	3	2
6	56	7	5	3	2
7	34	14	15	3	2
8	34	11	15	3	2
9	61	16	15	3	2
10	19	3	5	8	11
11	20	3	5	8	9
12	20	3	5	8	10
13	7	8	11	15	3
14	30	3	15	11	13
15	32	3	15	11	12
16	2	8	5	3	4
17	54	6	5	3	4
18	54	7	5	3	4
19	32	14	15	3	4
20	32	11	15	3	4
21	59	4	3	15	16
22	7	5	3	15	14
23	7	5	3	15	11
24	9	5	3	15	16
25	1	5	8	11	13
26	1	5	8	11	15
27	2	5	8	11	12
28	29	15	3	5	6
29	20	11	8	5	6
30	53	6	5	8	9
31	53	6	5	8	10
32	29	15	3	5	7
33	20	11	8	5	7
34	53	7	5	8	9
35	53	7	5	8	10
36	1	8	5	3	15
37	7	8	11	15	14
38	9	8	11	15	16
39	29	13	11	8	9
40	29	15	11	8	9
41	54	9	8	11	12
42	29	13	11	8	10
43	29	15	11	8	10
44	54	10	8	11	12
45	32	14	15	11	12
46	59	12	11	15	16
47	30	13	11	15	14
48	32	13	11	15	16
49	21	17	19	22	29
50	21	17	19	22	24
51	22	17	19	22	23
52	30	17	26	24	22
53	33	17	26	24	28
54	32	17	26	24	25
55	39	17	26	28	24
56	28	17	39	36	34
57	29	17	39	36	37
58	29	17	39	36	38
59	30	17	39	29	22
60	31	17	39	29	31
61	32	17	39	29	30
62	22	22	19	17	18
63	54	20	19	17	18
64	54	21	19	17	18
65	32	24	26	17	18
66	60	18	17	26	28
67	59	18	17	26	27
68	9	36	39	17	18
69	32	29	39	17	18
70	59	18	17	39	40
71	7	19	17	26	24
72	10	19	17	26	28
73	9	19	17	26	27
74	6	19	17	39	36
75	7	19	17	39	29
76	9	19	17	39	40
77	8	19	22	29	31
78	7	19	22	29	39
79	9	19	22	29	30
80	7	19	22	24	26
81	10	19	22	24	28
82	9	19	22	24	25
83	29	26	17	19	20
84	29	39	17	19	20
85	29	29	22	19	20
86	29	24	22	19	20
87	54	20	19	22	23
88	29	26	17	19	21
89	29	39	17	19	21
90	29	29	22	19	21
91	29	24	22	19	21
92	54	21	19	22	23
93	21	22	19	17	26
94	21	22	19	17	39
95	36	22	29	31	34
96	38	22	29	31	33
97	37	22	29	31	32
98	7	36	39	29	22
99	32	22	29	39	40
100	33	22	24	26	28
101	32	22	24	26	27
102	39	22	24	28	26
103	48	31	29	22	23
104	32	39	29	22	23
105	59	23	22	29	30
106	32	26	24	22	23
107	60	23	22	24	28
108	59	23	22	24	25
109	31	24	22	29	31
110	30	24	22	29	39
111	32	24	22	29	30
112	30	24	26	17	39
113	45	24	28	26	27
114	32	29	22	24	25
115	60	25	24	26	28
116	59	25	24	26	27
117	45	26	28	24	25
118	30	26	24	22	29
119	7	36	39	17	26
120	30	26	17	39	29
121	32	26	17	39	40
122	60	27	26	24	28
123	32	39	17	26	27
124	33	39	17	26	28
125	33	29	22	24	28
126	15	36	34	31	29
127	43	29	31	34	33
128	42	29	31	34	35
129	44	29	31	33	34
130	28	29	39	36	34
131	29	29	39	36	37
132	29	29	39	36	38
133	50	34	31	29	30
134	64	30	29	31	33
135	63	30	29	31	32
136	9	36	39	29	30
137	59	30	29	39	40
138	8	36	39	29	31
139	48	31	29	39	40
140	25	39	36	34	31
141	49	31	34	36	37
142	49	31	34	36	38
143	18	36	34	33	31
144	51	31	33	34	35
145	37	39	29	31	32
146	16	36	34	31	32
147	66	32	31	34	33
148	65	32	31	34	35
149	51	34	33	31	32
150	38	39	29	31	33
151	17	36	34	31	33
152	66	35	34	31	33
153	27	39	36	34	33
154	58	37	36	34	33
155	58	38	36	34	33
156	36	39	29	31	34
157	47	34	36	39	40
158	26	39	36	34	35
159	57	37	36	34	35
160	57	38	36	34	35
161	54	37	36	39	40
162	54	38	36	39	40

Impropers

1	13	5	3	15	2
2	16	5	3	4	2
3	30	15	3	4	2
4	11	5	3	15	4
5	2	8	5	6	3
6	2	8	5	7	3
7	6	3	5	6	7
8	3	8	5	6	7
9	1	5	8	11	9
10	1	5	8	11	10
11	3	5	8	9	10
12	6	11	8	9	10
13	10	8	11	13	15
14	11	8	11	13	12
15	11	8	11	15	12
16	23	13	11	15	12
17	21	14	15	3	11
18	23	14	15	3	16
19	23	14	15	11	16
20	23	3	15	11	16
21	10	19	17	26	39
22	11	19	17	26	18
23	11	19	17	39	18
24	23	26	17	39	18
25	4	17	19	22	20
26	4	17	19	22	21
27	6	17	19	20	21
28	6	22	19	20	21
29	10	19	22	29	24
30	11	19	22	29	23
31	11	19	22	24	23
32	23	29	22	24	23
33	24	22	24	26	28
34	23	22	24	26	25
35	32	22	24	28	25
36	32	26	24	28	25
37	24	17	26	24	28
38	32	24	26	28	27
39	23	24	26	17	27
40	29	17	26	27	28
41	22	39	29	22	31
42	27	22	29	31	30
43	23	22	29	39	30
44	28	39	29	30	31
45	41	29	31	34	33
46	40	29	31	34	32
47	43	29	31	33	32
48	45	34	31	33	32
49	38	36	34	33	31
50	36	36	34	35	31
51	45	31	34	33	35
52	39	36	34	33	35
53	5	39	36	37	34
54	5	39	36	38	34
55	7	34	36	37	38
56	6	39	36	37	38
57	10	36	39	29	17
58	11	36	39	29	40
59	11	36	39	17	40
60	23	29	39	17	40