delete edged atoms 
40 atoms
44 bonds
93 angles
162 dihedrals
60 impropers

Types

1	2
2	7
3	2
4	5
5	1
6	5
7	5
8	2
9	5
10	2
11	5
12	3
13	5
14	6
15	3
16	5
17	1
18	5
19	5
20	2
21	5
22	2
23	5
24	1
25	5
26	5
27	2
28	2
29	2
30	5
31	2
32	5
33	6
34	2
35	5
36	1
37	5
38	5
39	2
40	5

Charges

1	0.0800
2	-0.2660
3	0.0800
4	0.0530
5	-0.1060
6	0.0530
7	0.0530
8	-0.0530
9	0.0530
10	-0.0530
11	0.0530
12	0.0800
13	0.0530
14	-0.2660
15	0.0800
16	0.0530
17	-0.1060
18	0.0530
19	0.0530
20	-0.0530
21	0.0530
22	-0.0530
23	0.0530
24	-0.1060
25	0.0530
26	0.0530
27	-0.0530
28	-0.0530
29	-0.0530
30	0.0530
31	0.0800
32	0.0530
33	-0.2660
34	0.0800
35	0.0530
36	-0.1060
37	0.0530
38	0.0530
39	-0.0530
40	0.0530

Coords

1	67.4687455230	26.7280010271	39.9224765713
2	67.8961089658	25.3929439242	39.7481318304
3	69.1566396344	24.9686334554	40.1810824548
4	69.2874531028	25.3040277685	41.2230325001
5	69.0348948548	23.4104722784	40.2682381880
6	67.9263960380	23.2057468180	40.1604816663
7	69.3526551832	22.9183849937	41.1910324962
8	70.0630643475	22.8531602312	39.2981001262
9	70.3093582097	21.7773263258	39.4390624203
10	69.8115481724	23.4046507792	37.8515544949
11	68.7978935891	23.8049503213	37.8736784968
12	70.1376120260	22.8495830410	36.3771253050
13	69.8847456141	21.8778314914	35.9518117953
14	71.3866189133	23.4218987632	35.9604227295
15	70.2297185909	24.1106366620	35.5328614106
16	70.0187206390	24.2331521838	34.4397602976
17	69.8622909725	25.4070624294	36.4754584469
18	70.2579646228	26.4157123300	36.3214136650
19	68.7756782841	25.5561167513	36.5555215311
20	70.4432201285	24.8443926146	37.8501798753
21	71.5377632238	24.8455703388	37.6553964793
22	70.5158515817	25.2061402474	39.4091221487
23	71.0746741658	26.0388108067	39.8979055892
24	71.2598449471	23.7744986300	39.7227410396
25	71.4164449830	23.6759603483	40.7692643934
26	72.2599702595	23.5855598273	39.2055956964
27	26.2826902998	23.4270871256	85.2236690888
28	24.8736615330	23.8845235010	83.5343446951
29	24.2781620139	22.5626565752	84.1819848123
30	23.2553499657	22.7197126941	84.6758619276
31	24.0633228406	21.2574799215	83.4303190603
32	23.1238215541	21.1686813146	82.8439078752
33	25.2399361919	20.7701429049	82.7636609341
34	24.8059116938	20.1428066133	84.0643304891
35	24.5767686216	19.0589915919	84.0298593459
36	25.7147687528	20.7557732320	85.1617448171
37	26.7618949330	20.6747184367	84.7939008782
38	25.6628770769	20.2637293648	86.1632082583
39	25.2524670237	22.2260837307	85.3465534153
40	24.7932594397	22.2783294064	86.3500384499

Bonds

1	9	1	2
2	9	3	2
3	2	5	3
4	5	3	22
5	7	3	4
6	2	5	8
7	4	5	6
8	4	5	7
9	5	8	10
10	2	24	8
11	7	8	9
12	6	10	12
13	5	10	20
14	7	10	11
15	13	12	14
16	11	12	15
17	12	12	13
18	13	15	14
19	3	17	15
20	12	15	16
21	2	17	20
22	4	17	18
23	4	17	19
24	5	20	22
25	7	20	21
26	2	24	22
27	7	22	23
28	4	24	25
29	4	24	26
30	5	27	39
31	5	28	29
32	5	29	31
33	5	29	39
34	7	29	30
35	8	31	33
36	5	31	34
37	7	31	32
38	8	34	33
39	2	36	34
40	7	34	35
41	2	36	39
42	4	36	37
43	4	36	38
44	7	39	40

Angles

1	24	1	2	3
2	7	5	3	2
3	18	22	3	2
4	33	4	3	2
5	11	3	5	8
6	13	3	5	6
7	13	3	5	7
8	14	3	22	20
9	4	24	22	3
10	16	3	22	23
11	5	5	3	4
12	16	22	3	4
13	4	5	3	22
14	4	5	8	10
15	3	5	8	24
16	5	5	8	9
17	13	8	5	6
18	31	6	5	7
19	13	8	5	7
20	15	8	10	12
21	14	8	10	20
22	16	8	10	11
23	11	8	24	22
24	13	8	24	25
25	13	8	24	26
26	16	10	8	9
27	5	24	8	9
28	4	24	8	10
29	22	10	12	14
30	20	10	12	15
31	21	10	12	13
32	4	17	20	10
33	14	10	20	22
34	16	10	20	21
35	27	12	10	11
36	16	20	10	11
37	15	20	10	12
38	30	12	14	15
39	29	12	15	14
40	8	17	15	12
41	28	12	15	16
42	35	13	12	14
43	28	15	12	13
44	29	15	12	14
45	10	17	15	14
46	35	16	15	14
47	12	20	17	15
48	26	15	17	18
49	26	15	17	19
50	9	17	15	16
51	4	17	20	22
52	5	17	20	21
53	13	20	17	18
54	31	18	17	19
55	13	20	17	19
56	4	24	22	20
57	16	20	22	23
58	16	22	20	21
59	13	22	24	25
60	13	22	24	26
61	5	24	22	23
62	31	25	24	26
63	4	36	39	27
64	14	27	39	29
65	16	27	39	40
66	14	28	29	31
67	14	28	29	39
68	16	28	29	30
69	17	29	31	33
70	14	29	31	34
71	16	29	31	32
72	4	36	39	29
73	16	29	39	40
74	16	31	29	30
75	16	39	29	30
76	14	31	29	39
77	23	31	33	34
78	17	31	34	33
79	4	36	34	31
80	16	31	34	35
81	32	32	31	33
82	16	34	31	32
83	17	34	31	33
84	6	36	34	33
85	32	35	34	33
86	11	34	36	39
87	13	34	36	37
88	13	34	36	38
89	5	36	34	35
90	5	36	39	40
91	13	39	36	37
92	31	37	36	38
93	13	39	36	38

Dihedrals

1	14	5	3	2	1
2	40	22	3	2	1
3	46	1	2	3	4
4	24	8	5	3	2
5	56	6	5	3	2
6	56	7	5	3	2
7	34	20	22	3	2
8	11	24	22	3	2
9	61	23	22	3	2
10	21	3	5	8	10
11	4	24	8	5	3
12	22	3	5	8	9
13	7	17	20	22	3
14	30	3	22	20	10
15	32	3	22	20	21
16	21	8	24	22	3
17	29	3	22	24	25
18	29	3	22	24	26
19	22	8	5	3	4
20	54	6	5	3	4
21	54	7	5	3	4
22	32	20	22	3	4
23	9	24	22	3	4
24	59	4	3	22	23
25	7	5	3	22	20
26	6	5	3	22	24
27	9	5	3	22	23
28	8	5	8	10	12
29	7	5	8	10	20
30	9	5	8	10	11
31	4	5	8	24	22
32	5	5	8	24	25
33	5	5	8	24	26
34	29	22	3	5	6
35	29	10	8	5	6
36	5	24	8	5	6
37	54	6	5	8	9
38	29	22	3	5	7
39	29	10	8	5	7
40	5	24	8	5	7
41	54	7	5	8	9
42	21	8	5	3	22
43	38	8	10	12	14
44	36	8	10	12	15
45	37	8	10	12	13
46	7	17	20	10	8
47	30	8	10	20	22
48	32	8	10	20	21
49	21	8	24	22	20
50	22	8	24	22	23
51	48	12	10	8	9
52	32	20	10	8	9
53	59	9	8	10	11
54	22	22	24	8	9
55	54	25	24	8	9
56	54	26	24	8	9
57	21	22	24	8	10
58	29	10	8	24	25
59	29	10	8	24	26
60	44	10	12	14	15
61	43	10	12	15	14
62	15	17	15	12	10
63	42	10	12	15	16
64	28	10	20	17	15
65	29	10	20	17	18
66	29	10	20	17	19
67	7	24	22	20	10
68	32	10	20	22	23
69	9	24	8	10	11
70	64	11	10	12	14
71	50	15	12	10	11
72	63	11	10	12	13
73	9	17	20	10	11
74	32	22	20	10	11
75	59	11	10	20	21
76	8	24	8	10	12
77	8	17	20	10	12
78	31	22	20	10	12
79	48	12	10	20	21
80	18	17	15	14	12
81	51	12	14	15	16
82	25	20	17	15	12
83	49	12	15	17	18
84	49	12	15	17	19
85	37	20	10	12	13
86	51	15	14	12	13
87	66	13	12	15	14
88	16	17	15	12	13
89	65	13	12	15	16
90	38	20	10	12	14
91	17	17	15	12	14
92	66	16	15	12	14
93	27	20	17	15	14
94	58	18	17	15	14
95	58	19	17	15	14
96	28	22	20	17	15
97	47	15	17	20	21
98	36	20	10	12	15
99	26	20	17	15	16
100	57	18	17	15	16
101	57	19	17	15	16
102	6	17	20	22	24
103	9	17	20	22	23
104	29	22	20	17	18
105	54	18	17	20	21
106	29	22	20	17	19
107	54	19	17	20	21
108	29	20	22	24	25
109	29	20	22	24	26
110	7	24	8	10	20
111	9	24	22	20	21
112	59	21	20	22	23
113	54	25	24	22	23
114	54	26	24	22	23
115	21	34	36	39	27
116	29	27	39	36	37
117	29	27	39	36	38
118	30	27	39	29	28
119	30	27	39	29	31
120	32	27	39	29	30
121	33	28	29	31	33
122	30	28	29	31	34
123	32	28	29	31	32
124	7	36	39	29	28
125	32	28	29	39	40
126	39	29	31	33	34
127	33	29	31	34	33
128	7	36	34	31	29
129	32	29	31	34	35
130	21	34	36	39	29
131	29	29	39	36	37
132	29	29	39	36	38
133	60	30	29	31	33
134	32	34	31	29	30
135	59	30	29	31	32
136	9	36	39	29	30
137	59	30	29	39	40
138	7	36	39	29	31
139	32	31	29	39	40
140	13	36	34	33	31
141	45	31	33	34	35
142	21	39	36	34	31
143	29	31	34	36	37
144	29	31	34	36	38
145	32	39	29	31	32
146	45	34	33	31	32
147	60	32	31	34	33
148	9	36	34	31	32
149	59	32	31	34	35
150	33	39	29	31	33
151	10	36	34	31	33
152	60	35	34	31	33
153	23	39	36	34	33
154	55	37	36	34	33
155	55	38	36	34	33
156	22	34	36	39	40
157	30	34	31	29	39
158	22	39	36	34	35
159	54	37	36	34	35
160	54	38	36	34	35
161	54	37	36	39	40
162	54	38	36	39	40

Impropers

1	13	5	3	22	2
2	16	5	3	4	2
3	30	22	3	4	2
4	11	5	3	22	4
5	4	3	5	8	6
6	4	3	5	8	7
7	6	3	5	6	7
8	6	8	5	6	7
9	8	24	8	5	10
10	11	5	8	10	9
11	9	5	8	24	9
12	14	24	8	9	10
13	22	20	10	8	12
14	27	8	10	12	11
15	23	8	10	20	11
16	28	20	10	11	12
17	42	10	12	14	15
18	43	10	12	14	13
19	40	10	12	15	13
20	44	15	12	13	14
21	35	17	15	12	14
22	37	17	15	16	14
23	44	12	15	16	14
24	34	17	15	12	16
25	5	20	17	18	15
26	5	20	17	19	15
27	7	15	17	18	19
28	6	20	17	18	19
29	10	17	20	22	10
30	11	17	20	22	21
31	11	17	20	10	21
32	23	22	20	10	21
33	10	24	22	3	20
34	14	24	22	23	20
35	23	20	22	3	23
36	11	24	22	3	23
37	4	22	24	8	25
38	4	22	24	8	26
39	6	22	24	25	26
40	6	8	24	25	26
41	21	28	29	31	39
42	23	28	29	31	30
43	23	28	29	39	30
44	23	31	29	39	30
45	24	34	31	29	33
46	32	29	31	33	32
47	23	29	31	34	32
48	29	34	31	32	33
49	12	36	34	31	33
50	15	36	34	35	33
51	29	31	34	35	33
52	11	36	34	31	35
53	4	34	36	39	37
54	4	34	36	39	38
55	6	34	36	37	38
56	6	39	36	37	38
57	10	36	39	29	27
58	11	36	39	29	40
59	11	36	39	27	40
60	23	29	39	27	40