delete edged atoms 
32 atoms
34 bonds
69 angles
114 dihedrals
44 impropers

Types

1	2
2	7
3	2
4	5
5	2
6	5
7	7
8	2
9	5
10	1
11	5
12	5
13	2
14	5
15	2
16	5
17	2
18	2
19	2
20	5
21	1
22	5
23	5
24	1
25	5
26	5
27	2
28	5
29	2
30	2
31	2
32	5

Charges

1	0.0800
2	-0.2660
3	0.0800
4	0.0530
5	0.0800
6	0.0530
7	-0.2660
8	0.0800
9	0.0530
10	-0.1060
11	0.0530
12	0.0530
13	-0.0530
14	0.0530
15	-0.0530
16	0.0530
17	0.0800
18	-0.0530
19	-0.0530
20	0.0530
21	-0.1060
22	0.0530
23	0.0530
24	-0.1060
25	0.0530
26	0.0530
27	-0.0530
28	0.0530
29	-0.0530
30	-0.0530
31	-0.0530
32	0.0530

Coords

1	14.3114858677	12.6202057552	18.5087135539
2	12.9308818442	12.0599031908	18.3616036276
3	12.4976028129	10.9139864534	19.0598357568
4	11.4380861217	11.1111135739	19.0792547219
5	12.8908864022	9.6660819196	18.1608494395
6	12.8710948226	9.9082887584	17.0955680406
7	11.8077183352	8.7754402110	18.4759203659
8	11.9806364434	7.4478684811	18.1002635722
9	13.0132020294	7.0601485093	18.3721922743
10	10.9718938049	6.5992084733	18.8689305142
11	9.9843422641	7.1018088658	19.0832426605
12	11.4195734909	6.1899954515	19.8140989174
13	10.6784464058	5.5529178984	17.8917989691
14	9.9332183134	4.8984223469	18.2738137803
15	12.0147921199	4.7973603161	17.4896334806
16	12.6645255301	4.7753066929	18.3430979658
17	12.0519813777	3.4289753874	16.7788999434
18	12.5893255786	5.7629913670	16.4211602940
19	11.7578218383	6.9898038632	16.6189861289
20	11.9382923338	7.8663435245	15.9041628581
21	10.3358349042	6.3844962894	16.6662179785
22	9.5508043723	7.1177836315	16.9334184894
23	10.0099016093	5.7434083534	15.8140503527
24	14.3077587186	9.3379187908	18.6944792767
25	14.6404136991	8.3238025231	18.3860321967
26	14.9760044041	10.0842667395	18.3129669550
27	14.2248049011	9.5531639182	20.1892411719
28	14.2784516712	8.5042695603	20.5651260267
29	15.1854831221	10.2966071743	21.1392273248
30	13.2023230927	10.8426962339	21.9925075875
31	12.8857657105	10.3037264314	20.5535989441
32	12.1378505640	9.5207183178	20.6564920938

Bonds

1	9	1	2
2	9	3	2
3	5	3	5
4	5	3	31
5	7	3	4
6	2	24	5
7	9	5	7
8	7	5	6
9	9	8	7
10	2	10	8
11	5	8	19
12	7	8	9
13	2	10	13
14	4	10	11
15	4	10	12
16	5	13	15
17	2	21	13
18	7	13	14
19	5	15	17
20	5	15	18
21	7	15	16
22	5	18	19
23	2	21	19
24	7	19	20
25	4	21	22
26	4	21	23
27	2	24	27
28	4	24	25
29	4	24	26
30	5	27	29
31	5	27	31
32	7	27	28
33	5	30	31
34	7	31	32

Angles

1	24	1	2	3
2	18	5	3	2
3	18	31	3	2
4	33	4	3	2
5	4	24	5	3
6	18	3	5	7
7	16	3	5	6
8	14	3	31	30
9	14	3	31	27
10	16	3	31	32
11	16	5	3	4
12	16	31	3	4
13	14	5	3	31
14	11	5	24	27
15	13	5	24	25
16	13	5	24	26
17	24	5	7	8
18	5	24	5	6
19	33	6	5	7
20	7	24	5	7
21	7	10	8	7
22	18	19	8	7
23	33	9	8	7
24	11	8	10	13
25	13	8	10	11
26	13	8	10	12
27	14	8	19	18
28	4	21	19	8
29	16	8	19	20
30	5	10	8	9
31	16	19	8	9
32	4	10	8	19
33	4	10	13	15
34	3	10	13	21
35	5	10	13	14
36	13	13	10	11
37	31	11	10	12
38	13	13	10	12
39	14	13	15	17
40	14	13	15	18
41	16	13	15	16
42	11	13	21	19
43	13	13	21	22
44	13	13	21	23
45	16	15	13	14
46	5	21	13	14
47	4	21	13	15
48	14	15	18	19
49	16	17	15	16
50	16	18	15	16
51	14	17	15	18
52	4	21	19	18
53	16	18	19	20
54	13	19	21	22
55	13	19	21	23
56	5	21	19	20
57	31	22	21	23
58	4	24	27	29
59	4	24	27	31
60	5	24	27	28
61	13	27	24	25
62	31	25	24	26
63	13	27	24	26
64	14	27	31	30
65	16	27	31	32
66	16	29	27	28
67	16	31	27	28
68	14	29	27	31
69	16	30	31	32

Dihedrals

1	40	5	3	2	1
2	40	31	3	2	1
3	46	1	2	3	4
4	11	24	5	3	2
5	67	2	3	5	7
6	61	6	5	3	2
7	34	30	31	3	2
8	34	27	31	3	2
9	61	32	31	3	2
10	21	27	24	5	3
11	29	3	5	24	25
12	29	3	5	24	26
13	40	3	5	7	8
14	7	24	27	31	3
15	30	3	31	27	29
16	32	3	31	27	28
17	9	24	5	3	4
18	61	4	3	5	7
19	59	4	3	5	6
20	32	30	31	3	4
21	32	27	31	3	4
22	59	4	3	31	32
23	30	5	3	31	30
24	30	5	3	31	27
25	32	5	3	31	32
26	21	5	24	27	29
27	21	5	24	27	31
28	22	5	24	27	28
29	14	10	8	7	5
30	40	19	8	7	5
31	46	5	7	8	9
32	32	31	3	5	6
33	22	27	24	5	6
34	54	25	24	5	6
35	54	26	24	5	6
36	46	8	7	5	6
37	34	31	3	5	7
38	24	27	24	5	7
39	56	25	24	5	7
40	56	26	24	5	7
41	24	13	10	8	7
42	56	11	10	8	7
43	56	12	10	8	7
44	34	18	19	8	7
45	11	21	19	8	7
46	61	20	19	8	7
47	14	24	5	7	8
48	21	8	10	13	15
49	4	21	13	10	8
50	22	8	10	13	14
51	30	8	19	18	15
52	21	13	21	19	8
53	29	8	19	21	22
54	29	8	19	21	23
55	22	13	10	8	9
56	54	11	10	8	9
57	54	12	10	8	9
58	32	18	19	8	9
59	9	21	19	8	9
60	59	9	8	19	20
61	7	10	8	19	18
62	6	10	8	19	21
63	9	10	8	19	20
64	7	10	13	15	17
65	7	10	13	15	18
66	9	10	13	15	16
67	4	10	13	21	19
68	5	10	13	21	22
69	5	10	13	21	23
70	29	19	8	10	11
71	29	15	13	10	11
72	5	21	13	10	11
73	54	11	10	13	14
74	29	19	8	10	12
75	29	15	13	10	12
76	5	21	13	10	12
77	54	12	10	13	14
78	21	13	10	8	19
79	30	13	15	18	19
80	21	13	21	19	18
81	22	13	21	19	20
82	32	17	15	13	14
83	32	18	15	13	14
84	59	14	13	15	16
85	22	19	21	13	14
86	54	22	21	13	14
87	54	23	21	13	14
88	21	19	21	13	15
89	29	15	13	21	22
90	29	15	13	21	23
91	7	21	19	18	15
92	32	15	18	19	20
93	9	21	13	15	16
94	32	19	18	15	16
95	7	21	13	15	17
96	30	17	15	18	19
97	29	18	19	21	22
98	29	18	19	21	23
99	7	21	13	15	18
100	54	22	21	19	20
101	54	23	21	19	20
102	7	24	5	3	31
103	7	24	27	31	30
104	9	24	27	31	32
105	29	29	27	24	25
106	29	31	27	24	25
107	54	25	24	27	28
108	29	29	27	24	26
109	29	31	27	24	26
110	54	26	24	27	28
111	32	30	31	27	28
112	59	28	27	31	32
113	30	29	27	31	30
114	32	29	27	31	32

Impropers

1	25	5	3	31	2
2	30	5	3	4	2
3	30	31	3	4	2
4	23	5	3	31	4
5	19	24	5	7	3
6	14	24	5	6	3
7	33	3	5	7	6
8	20	24	5	7	6
9	13	10	8	19	7
10	16	10	8	9	7
11	30	19	8	9	7
12	11	10	8	19	9
13	4	8	10	13	11
14	4	8	10	13	12
15	6	8	10	11	12
16	6	13	10	11	12
17	8	21	13	10	15
18	11	10	13	15	14
19	9	10	13	21	14
20	14	21	13	14	15
21	21	13	15	17	18
22	23	13	15	17	16
23	23	13	15	18	16
24	23	17	15	18	16
25	10	21	19	8	18
26	14	21	19	20	18
27	23	18	19	8	20
28	11	21	19	8	20
29	4	19	21	13	22
30	4	19	21	13	23
31	6	19	21	22	23
32	6	13	21	22	23
33	4	5	24	27	25
34	4	5	24	27	26
35	6	5	24	25	26
36	6	27	24	25	26
37	10	24	27	29	31
38	11	24	27	29	28
39	11	24	27	31	28
40	23	29	27	31	28
41	21	30	31	3	27
42	23	30	31	3	32
43	23	30	31	27	32
44	23	3	31	27	32